       2.551        1.479
       2.521        1.447
       2.396        1.318
       2.264        1.186
       2.162        1.087
       2.126        1.054
       2.090        1.021
       2.054        0.988
       1.975        0.919
       1.897        0.853
       1.730        0.721
       1.640        0.657
       1.592        0.625
       1.545        0.593
       1.444        0.531
       1.391        0.501
       1.279        0.442
       1.157        0.385
       1.095        0.358
       1.027        0.332
       0.955        0.306
       0.879        0.281
       0.801        0.257
       0.716        0.234
       0.710        0.234
       0.624        0.212
       0.529        0.192
       0.525        0.191
       0.432        0.172
       0.430        0.172
       0.428        0.171
       0.426        0.171
       0.571        0.171
       0.578        0.171
       0.586        0.172
       0.594        0.172
       0.947        0.191
       0.963        0.192
       1.350        0.212
       1.746        0.234
       1.775        0.234
       2.212        0.257
       2.658        0.281
       3.130        0.306
       3.614        0.332
       4.098        0.358
       4.569        0.385
       5.552        0.442
       6.513        0.501
       6.990        0.531
       7.917        0.593
       8.360        0.625
       8.814        0.657
       9.663        0.721
      11.245        0.853
      11.960        0.919
      12.679        0.988
      12.991        1.021
      13.303        1.054
      13.614        1.087
      14.445        1.186
      15.464        1.318
      16.357        1.447
      16.552        1.479
      16.745        1.510
      16.935        1.542
      17.769        1.695
      18.470        1.842
      19.047        1.984
      19.359        2.066
      19.436        2.093
      19.875        2.224
      19.945        2.250
      20.014        2.275
      20.412        2.423
      20.475        2.447
      20.538        2.471
      20.833        2.609
      20.997        2.698
      21.156        2.784
      21.255        2.846
      21.394        2.949
      21.568        3.085
      21.608        3.123
      21.647        3.160
      21.686        3.196
      21.790        3.322
      21.883        3.460
      21.910        3.511
      21.938        3.559
      21.985        3.672
      22.005        3.736
      22.047        3.964
      22.050        4.068
      22.039        4.213
      22.033        4.229
      21.899        4.713
      21.898        4.725
      21.835        4.868
      21.783        4.970
      21.652        5.195
      21.613        5.256
      21.540        5.367
      21.503        5.417
      21.469        5.466
      21.371        5.601
      21.278        5.722
      21.247        5.760
      21.217        5.798
      21.188        5.834
      21.070        5.972
      20.989        6.069
      20.935        6.131
      20.852        6.222
      20.776        6.307
      20.651        6.444
      20.624        6.471
      20.597        6.497
      20.451        6.650
      20.428        6.674
      20.406        6.697
      20.262        6.841
      20.243        6.861
      20.150        6.953
      19.994        7.104
      19.820        7.269
      19.630        7.446
      19.587        7.485
      19.546        7.522
      19.506        7.559
      19.322        7.724
      19.124        7.897
      18.973        8.026
      18.916        8.075
      18.860        8.122
      18.805        8.168
      18.673        8.277
      18.547        8.379
      18.265        8.601
      18.111        8.718
      18.025        8.782
      17.941        8.843
      17.759        8.973
      17.661        9.041
      17.451        9.180
      17.214        9.329
      17.090        9.402
      16.951        9.480
      16.798        9.563
      16.631        9.648
      16.451        9.731
      16.243        9.818
      16.227        9.828
      15.991        9.911
      15.682       10.002
      15.667       10.008
      15.195       10.098
      15.180       10.101
      15.165       10.104
      15.150       10.107
      14.120       10.107
      14.104       10.104
      14.088       10.101
      14.073       10.098
      13.564       10.008
      13.547       10.002
      13.202        9.911
      12.932        9.828
      12.914        9.818
      12.672        9.731
      12.461        9.648
      12.264        9.563
      12.081        9.480
      11.914        9.402
      11.764        9.329
      11.476        9.180
      11.220        9.041
      11.100        8.973
      10.876        8.843
      10.773        8.782
      10.668        8.718
      10.478        8.601
      10.131        8.379
       9.976        8.277
       9.816        8.168
       9.748        8.122
       9.679        8.075
       9.609        8.026
       9.422        7.897
       9.181        7.724
       8.958        7.559
       8.907        7.522
       8.857        7.485
       8.806        7.446
       8.572        7.269
       8.358        7.104
       8.165        6.953
       8.051        6.861
       8.023        6.841
       7.847        6.697
       7.817        6.674
       7.787        6.650
       7.602        6.497
       7.570        6.471
       7.538        6.444
       7.375        6.307
       7.273        6.222
       7.168        6.131
       7.095        6.069
       6.982        5.972
       6.825        5.834
       6.783        5.798
       6.741        5.760
       6.699        5.722
       6.562        5.601
       6.413        5.466
       6.359        5.417
       6.304        5.367
       6.184        5.256
       6.117        5.195
       5.876        4.970
       5.769        4.868
       5.619        4.725
       5.606        4.713
       5.114        4.229
       5.098        4.213
       4.954        4.068
       4.852        3.964
       4.630        3.736
       4.569        3.672
       4.461        3.559
       4.414        3.511
       4.367        3.460
       4.237        3.322
       4.119        3.196
       4.085        3.160
       4.050        3.123
       4.015        3.085
       3.890        2.949
       3.796        2.846
       3.739        2.784
       3.661        2.698
       3.581        2.609
       3.455        2.471
       3.434        2.447
       3.412        2.423
       3.279        2.275
       3.256        2.250
       3.233        2.224
       3.115        2.093
       3.091        2.066
       3.016        1.984
       2.888        1.842
       2.753        1.695
       2.611        1.542
       2.581        1.510
