       3.296        2.348
       3.128        2.163
       2.952        1.970
       2.861        1.871
       2.500        1.494
       2.284        1.282
       2.245        1.245
       2.128        1.138
       2.088        1.103
       1.918        0.961
       1.735        0.822
       1.637        0.754
       1.584        0.720
       1.532        0.687
       1.421        0.622
       1.362        0.590
       1.166        0.496
       1.024        0.438
       0.948        0.410
       0.868        0.382
       0.776        0.355
       0.684        0.329
       0.580        0.304
       0.586        0.304
       0.472        0.280
       0.476        0.280
       0.355        0.256
       0.356        0.257
       0.358        0.257
       0.360        0.257
       0.446        0.256
       0.452        0.257
       0.459        0.257
       0.465        0.257
       0.790        0.280
       0.804        0.280
       1.145        0.304
       1.166        0.304
       1.532        0.329
       1.925        0.355
       2.355        0.382
       2.771        0.410
       3.190        0.438
       4.048        0.496
       5.393        0.590
       5.827        0.622
       6.675        0.687
       7.084        0.720
       7.503        0.754
       8.293        0.822
       9.782        0.961
      11.149        1.103
      11.450        1.138
      12.352        1.245
      12.650        1.282
      14.152        1.494
      16.252        1.871
      16.700        1.970
      17.469        2.163
      18.106        2.348
      18.623        2.526
      18.694        2.555
      19.164        2.751
      19.228        2.778
      19.291        2.805
      19.590        2.964
      19.757        3.067
      19.918        3.165
      20.019        3.238
      20.161        3.357
      20.530        3.756
      20.599        3.860
      20.628        3.923
      20.657        3.984
      20.687        4.043
      20.739        4.180
      20.761        4.256
      20.777        4.352
      20.795        4.444
      20.802        4.574
      20.803        4.735
      20.797        4.755
      20.704        5.251
      20.703        5.266
      20.646        5.428
      20.601        5.552
      20.558        5.645
      20.522        5.734
      20.485        5.809
      20.417        5.941
      20.384        6.001
      20.353        6.058
      20.325        6.114
      20.266        6.215
      20.025        6.596
      19.953        6.706
      19.905        6.775
      19.831        6.875
      19.764        6.970
      19.655        7.120
      19.631        7.149
      19.608        7.178
      19.461        7.369
      19.442        7.395
      19.300        7.571
      19.144        7.760
      18.976        7.958
      18.885        8.063
      18.502        8.487
      18.255        8.744
      18.205        8.796
      18.062        8.939
      18.017        8.983
      17.801        9.190
      17.564        9.405
      17.434        9.517
      17.362        9.578
      17.291        9.636
      17.136        9.759
      17.053        9.823
      16.763       10.032
      16.548       10.169
      16.428       10.239
      16.295       10.311
      16.135       10.393
      15.963       10.470
      15.766       10.544
      15.752       10.552
      15.501       10.626
      15.487       10.632
      15.072       10.709
      15.059       10.712
      15.045       10.715
      15.032       10.718
      14.282       10.718
      14.267       10.715
      14.253       10.712
      14.239       10.709
      13.784       10.632
      13.769       10.626
      13.480       10.552
      13.463       10.544
      13.228       10.470
      13.019       10.393
      12.821       10.311
      12.653       10.239
      12.500       10.169
      12.219       10.032
      11.835        9.823
      11.722        9.759
      11.511        9.636
      11.414        9.578
      11.315        9.517
      11.135        9.405
      10.803        9.190
      10.501        8.983
      10.435        8.939
      10.232        8.796
      10.163        8.744
       9.809        8.487
       9.254        8.063
       9.120        7.958
       8.871        7.760
       8.639        7.571
       8.425        7.395
       8.394        7.369
       8.166        7.178
       8.133        7.149
       8.099        7.120
       7.924        6.970
       7.813        6.875
       7.700        6.775
       7.620        6.706
       7.496        6.596
       7.072        6.215
       6.962        6.114
       6.900        6.058
       6.838        6.001
       6.775        5.941
       6.632        5.809
       6.553        5.734
       6.458        5.645
       6.361        5.552
       6.231        5.428
       6.064        5.266
       6.048        5.251
       5.546        4.755
       5.527        4.735
       5.367        4.574
       5.240        4.444
       5.151        4.352
       5.058        4.256
       4.984        4.180
       4.853        4.043
       4.797        3.984
       4.739        3.923
       4.680        3.860
       4.582        3.756
       4.211        3.357
       4.102        3.238
       4.035        3.165
       3.945        3.067
       3.852        2.964
       3.708        2.805
       3.684        2.778
       3.659        2.751
       3.482        2.555
       3.456        2.526
