       4.207        3.389
       4.043        3.208
       4.015        3.178
       3.757        2.892
       3.728        2.859
       3.547        2.657
       3.454        2.554
       3.294        2.378
       3.129        2.197
       2.991        2.049
       2.956        2.012
       2.776        1.822
       2.740        1.785
       2.626        1.669
       2.548        1.591
       2.470        1.514
       2.428        1.475
       2.173        1.243
       2.082        1.165
       1.837        0.975
       1.732        0.902
       1.676        0.865
       1.620        0.829
       1.501        0.758
       1.369        0.688
       1.300        0.654
       1.231        0.621
       1.157        0.589
       1.077        0.556
       0.992        0.524
       0.909        0.494
       0.813        0.464
       0.607        0.406
       0.713        0.435
       0.610        0.407
       0.514        0.379
       0.514        0.379
       0.514        0.379
       0.514        0.379
       0.514        0.379
       0.514        0.378
       0.515        0.378
       0.569        0.378
       0.574        0.378
       0.578        0.379
       0.583        0.379
       0.587        0.379
       0.592        0.379
       0.598        0.379
       0.935        0.406
       0.948        0.407
       1.292        0.435
       1.657        0.464
       2.048        0.494
       2.408        0.524
       2.811        0.556
       3.218        0.589
       3.618        0.621
       4.001        0.654
       4.407        0.688
       5.231        0.758
       6.009        0.829
       6.385        0.865
       6.771        0.902
       7.503        0.975
       9.246        1.165
       9.888        1.243
      11.597        1.475
      11.878        1.514
      12.361        1.591
      12.837        1.669
      13.498        1.785
      13.689        1.822
      14.614        2.012
      14.792        2.049
      15.412        2.197
      16.089        2.378
      16.654        2.554
      16.960        2.657
      17.472        2.859
      17.543        2.892
      18.136        3.178
      18.197        3.208
      18.492        3.389
      18.658        3.507
      18.815        3.620
      19.058        3.841
      19.102        3.896
      19.351        4.207
      19.423        4.333
      19.493        4.452
      19.525        4.524
      19.582        4.690
      19.607        4.783
      19.650        5.010
      19.664        5.165
      19.673        5.381
      19.669        5.404
      19.666        5.427
      19.663        5.449
      19.635        5.707
      19.634        5.727
      19.633        5.747
      19.632        5.766
      19.582        5.984
      19.543        6.134
      19.478        6.350
      19.448        6.437
      19.393        6.590
      19.366        6.658
      19.312        6.777
      19.264        6.891
      19.127        7.180
      19.108        7.224
      19.004        7.426
      18.941        7.537
      18.884        7.642
      18.791        7.805
      18.771        7.837
      18.611        8.103
      18.595        8.130
      18.479        8.315
      18.412        8.416
      18.301        8.583
      18.177        8.763
      18.072        8.911
      18.041        8.954
      17.897        9.150
      17.870        9.185
      17.771        9.315
      17.701        9.404
      17.635        9.487
      17.592        9.540
      17.357        9.818
      17.267        9.920
      17.015       10.187
      16.905       10.295
      16.844       10.354
      16.784       10.409
      16.652       10.525
      16.496       10.656
      16.413       10.720
      16.331       10.778
      16.237       10.843
      16.131       10.913
      16.014       10.985
      15.897       11.044
      15.744       11.120
      15.567       11.192
      15.340       11.261
      15.328       11.267
      14.913       11.335
      14.901       11.337
      14.889       11.338
      14.876       11.340
      14.864       11.342
      14.851       11.343
      14.839       11.344
      14.534       11.344
      14.521       11.343
      14.508       11.342
      14.495       11.340
      14.482       11.338
      14.469       11.337
      14.456       11.335
      14.000       11.267
      13.986       11.261
      13.719       11.192
      13.501       11.120
      13.306       11.044
      13.154       10.985
      12.997       10.913
      12.852       10.843
      12.721       10.778
      12.606       10.720
      12.487       10.656
      12.260       10.525
      12.064       10.409
      11.973       10.354
      11.879       10.295
      11.710       10.187
      11.314        9.920
      11.169        9.818
      10.782        9.540
      10.714        9.487
      10.601        9.404
      10.485        9.315
      10.318        9.185
      10.270        9.150
      10.021        8.954
       9.969        8.911
       9.786        8.763
       9.566        8.583
       9.365        8.416
       9.245        8.315
       9.027        8.130
       8.995        8.103
       8.689        7.837
       8.654        7.805
       8.468        7.642
       8.350        7.537
       8.227        7.426
       8.005        7.224
       7.955        7.180
       7.642        6.891
       7.520        6.777
       7.394        6.658
       7.323        6.590
       7.161        6.437
       7.070        6.350
       6.846        6.134
       6.692        5.984
       6.472        5.766
       6.452        5.747
       6.432        5.727
       6.411        5.707
       6.154        5.449
       6.132        5.427
       6.109        5.404
       6.086        5.381
       5.874        5.165
       5.723        5.010
       5.504        4.783
       5.415        4.690
       5.257        4.524
       5.189        4.452
       5.076        4.333
       4.959        4.207
       4.670        3.896
       4.619        3.841
       4.416        3.620
       4.313        3.507
