       5.140        4.429
       4.731        3.980
       4.579        3.813
       4.296        3.497
       4.263        3.461
       4.231        3.425
       3.966        3.129
       3.829        2.975
       3.653        2.780
       3.581        2.700
       3.360        2.456
       2.969        2.037
       2.846        1.909
       2.761        1.824
       2.587        1.653
       2.542        1.610
       2.355        1.440
       2.208        1.313
       2.157        1.272
       1.997        1.147
       1.940        1.106
       1.883        1.065
       1.825        1.026
       1.431        0.794
       1.354        0.756
       1.278        0.720
       1.196        0.684
       1.114        0.650
       1.029        0.616
       0.950        0.582
       0.949        0.582
       1.303        0.582
       1.315        0.582
       1.684        0.616
       2.046        0.650
       2.406        0.684
       2.787        0.720
       3.148        0.756
       3.541        0.794
       5.757        1.026
       6.103        1.065
       6.457        1.106
       6.818        1.147
       7.823        1.272
       8.146        1.313
       9.067        1.440
      10.197        1.610
      10.463        1.653
      11.447        1.824
      11.897        1.909
      12.525        2.037
      14.262        2.456
      15.077        2.700
      15.313        2.780
      15.845        2.975
      16.207        3.129
      16.816        3.425
      16.880        3.461
      16.943        3.497
      17.422        3.813
      17.641        3.980
      18.082        4.429
      18.294        4.732
      18.334        4.788
      18.410        4.933
      18.444        5.020
      18.479        5.105
      18.513        5.187
      18.630        5.672
      18.652        5.907
      18.637        6.467
      18.608        6.693
      18.515        7.151
      18.492        7.231
      18.472        7.308
      18.453        7.383
      18.415        7.514
      18.393        7.572
      18.303        7.842
      18.156        8.235
      18.092        8.386
      17.975        8.657
      17.961        8.689
      17.947        8.720
      17.821        8.984
      17.754        9.119
      17.662        9.297
      17.624        9.369
      17.498        9.599
      17.261       10.002
      17.181       10.129
      17.125       10.216
      17.004       10.396
      16.971       10.444
      16.830       10.637
      16.713       10.788
      16.671       10.840
      16.534       11.000
      16.482       11.060
      16.430       11.116
      16.379       11.168
      15.978       11.521
      15.885       11.590
      15.792       11.648
      15.677       11.716
      15.552       11.778
      15.393       11.843
      15.166       11.910
      15.155       11.915
      14.245       11.915
      14.232       11.910
      13.962       11.843
      13.762       11.778
      13.597       11.716
      13.440       11.648
      13.309       11.590
      13.174       11.521
      12.552       11.168
      12.467       11.116
      12.380       11.060
      12.291       11.000
      12.055       10.840
      11.980       10.788
      11.769       10.637
      11.508       10.444
      11.445       10.396
      11.210       10.216
      11.099       10.129
      10.940       10.002
      10.449        9.599
      10.181        9.369
      10.096        9.297
       9.892        9.119
       9.739        8.984
       9.443        8.720
       9.408        8.689
       9.373        8.657
       9.074        8.386
       8.911        8.235
       8.491        7.842
       8.207        7.572
       8.148        7.514
       8.012        7.383
       7.934        7.308
       7.854        7.231
       7.773        7.151
       7.309        6.693
       7.083        6.467
       6.533        5.907
       6.306        5.672
       5.845        5.187
       5.767        5.105
       5.688        5.020
       5.606        4.933
       5.471        4.788
       5.419        4.732
