       6.115        5.500
       5.450        4.769
       5.351        4.658
       4.470        3.668
       3.768        2.876
       3.346        2.411
       2.748        1.795
       2.649        1.701
       2.105        1.241
       2.045        1.197
       1.727        0.982
       1.663        0.940
       1.602        0.899
       1.552        0.859
       1.578        0.819
       1.583        0.819
       1.588        0.819
       1.732        0.819
       1.740        0.819
       1.749        0.819
       2.208        0.859
       2.591        0.899
       2.960        0.940
       3.327        0.982
       5.091        1.197
       5.429        1.241
       8.552        1.701
       9.098        1.795
      12.033        2.411
      13.641        2.876
      15.524        3.668
      16.864        4.658
      16.963        4.769
      17.450        5.500
      17.603        5.891
      17.640        6.018
      17.752        6.661
      17.768        7.017
      17.735        7.632
      17.722        7.748
      17.668        8.101
      17.526        8.743
      17.502        8.836
      17.243        9.669
      16.980       10.343
      16.790       10.757
      16.462       11.354
      16.400       11.451
      15.994       11.979
      15.940       12.034
      15.589       12.323
      15.487       12.385
      15.364       12.446
      15.201       12.508
      14.879       12.572
      14.869       12.573
      14.859       12.575
      14.624       12.575
      14.613       12.573
      14.602       12.572
      14.238       12.508
      14.032       12.446
      13.868       12.385
      13.725       12.323
      13.175       12.034
      13.084       11.979
      12.317       11.451
      12.188       11.354
      11.450       10.757
      10.971       10.343
      10.228        9.669
       9.351        8.836
       9.255        8.743
       8.606        8.101
       8.255        7.748
       8.141        7.632
       7.543        7.017
       7.202        6.661
       6.596        6.018
       6.477        5.891
