       8.426        7.958
       8.307        7.836
       8.184        7.708
       7.981        7.498
       7.153        6.625
       6.940        6.397
       6.822        6.270
       6.699        6.137
       6.572        5.999
       6.479        5.898
       6.162        5.551
       6.098        5.481
       6.033        5.409
       5.967        5.336
       5.900        5.261
       5.733        5.076
       5.528        4.848
       5.244        4.529
       5.210        4.490
       4.652        3.857
       4.497        3.681
       4.379        3.547
       4.055        3.178
       3.929        3.036
       3.498        2.555
       3.363        2.408
       3.226        2.261
       2.892        1.917
       2.792        1.819
       2.741        1.770
       2.690        1.722
       2.638        1.673
       2.585        1.626
       2.478        1.530
       2.423        1.482
       2.310        1.388
       2.195        1.295
       2.076        1.204
       2.016        1.159
       1.956        1.114
       1.898        1.071
       1.843        1.028
       1.843        1.027
       1.798        0.985
       1.800        0.984
       1.791        0.943
       1.795        0.942
       2.229        0.942
       2.242        0.943
       2.643        0.984
       2.661        0.985
       3.024        1.027
       3.045        1.028
       3.393        1.071
       3.750        1.114
       4.107        1.159
       4.457        1.204
       5.143        1.295
       5.806        1.388
       6.464        1.482
       6.782        1.530
       7.387        1.626
       7.672        1.673
       7.957        1.722
       8.245        1.770
       8.533        1.819
       9.063        1.917
      10.714        2.261
      11.347        2.408
      11.909        2.555
      13.470        3.036
      13.847        3.178
      14.706        3.547
      14.977        3.681
      15.304        3.857
      16.201        4.490
      16.254        4.529
      16.568        4.848
      16.763        5.076
      16.901        5.261
      16.946        5.336
      16.990        5.409
      17.033        5.481
      17.076        5.551
      17.240        5.898
      17.280        5.999
      17.319        6.137
      17.358        6.270
      17.397        6.397
      17.438        6.625
      17.500        7.498
      17.496        7.708
      17.483        7.836
      17.473        7.958
      17.466        8.075
      17.454        8.168
      17.409        8.479
      17.396        8.544
      17.385        8.608
      17.374        8.669
      17.365        8.730
      17.330        8.892
      17.287        9.087
      17.227        9.346
      17.214        9.385
      17.067        9.903
      17.018       10.052
      16.980       10.165
      16.870       10.472
      16.826       10.589
      16.650       11.007
      16.591       11.135
      16.521       11.278
      16.346       11.603
      16.288       11.700
      16.253       11.756
      16.220       11.808
      16.187       11.858
      16.154       11.904
      16.079       12.007
      16.037       12.062
      15.944       12.176
      15.843       12.286
      15.723       12.399
      15.654       12.457
      15.575       12.517
      15.487       12.575
      15.388       12.627
      15.379       12.636
      15.251       12.690
      15.241       12.696
      15.042       12.752
      15.032       12.755
      14.452       12.755
      14.441       12.752
      14.202       12.696
      14.189       12.690
      14.022       12.636
      14.009       12.627
      13.872       12.575
      13.743       12.517
      13.623       12.457
      13.514       12.399
      13.315       12.286
      13.137       12.176
      12.967       12.062
      12.887       12.007
      12.740       11.904
      12.673       11.858
      12.604       11.808
      12.535       11.756
      12.463       11.700
      12.337       11.603
      11.930       11.278
      11.762       11.135
      11.610       11.007
      11.135       10.589
      11.005       10.472
      10.670       10.165
      10.550       10.052
      10.392        9.903
       9.851        9.385
       9.812        9.346
       9.547        9.087
       9.350        8.892
       9.188        8.730
       9.127        8.669
       9.065        8.608
       9.002        8.544
       8.938        8.479
       8.631        8.168
       8.540        8.075
