       6.591        6.017
       6.310        5.703
       5.910        5.251
       5.760        5.081
       5.530        4.819
       5.176        4.412
       5.135        4.365
       4.932        4.130
       4.682        3.841
       4.249        3.340
       3.889        2.928
       3.751        2.771
       3.515        2.507
       3.322        2.296
       3.174        2.138
       2.920        1.877
       2.712        1.671
       2.332        1.274
       2.324        1.227
       2.432        1.180
       2.440        1.180
       2.448        1.180
       2.457        1.180
       2.609        1.180
       2.619        1.180
       2.630        1.180
       2.641        1.180
       3.152        1.227
       3.549        1.274
       6.243        1.671
       7.434        1.877
       8.774        2.138
       9.492        2.296
      10.374        2.507
      11.345        2.771
      11.866        2.928
      13.039        3.340
      14.148        3.841
      14.665        4.130
      15.032        4.365
      15.094        4.412
      15.606        4.819
      15.872        5.081
      16.025        5.251
      16.360        5.703
      16.540        6.017
      16.800        6.652
      16.894        7.010
      16.956        7.357
      16.960        7.393
      16.990        7.665
      16.994        7.698
      17.011        8.034
      17.012        8.366
      16.976        8.936
      16.947        9.205
      16.893        9.583
      16.870        9.722
      16.832        9.933
      16.761       10.263
      16.754       10.297
      16.707       10.489
      16.646       10.720
      16.527       11.122
      16.409       11.462
      16.358       11.597
      16.263       11.824
      16.175       12.013
      16.103       12.155
      15.955       12.408
      15.804       12.621
      15.285       13.067
      15.147       13.125
      14.873       13.181
      14.864       13.183
      14.854       13.184
      14.845       13.185
      14.689       13.185
      14.679       13.184
      14.669       13.183
      14.659       13.181
      14.344       13.125
      14.164       13.067
      13.323       12.621
      13.020       12.408
      12.688       12.155
      12.511       12.013
      12.284       11.824
      12.022       11.597
      11.871       11.462
      11.498       11.122
      11.072       10.720
      10.833       10.489
      10.638       10.297
      10.603       10.263
      10.272        9.933
      10.062        9.722
       9.925        9.583
       9.556        9.205
       9.295        8.936
       8.753        8.366
       8.439        8.034
       8.125        7.698
       8.095        7.665
       7.842        7.393
       7.809        7.357
       7.490        7.010
       7.163        6.652
