       9.140        8.845
       8.979        8.669
       8.809        8.483
       8.780        8.451
       7.974        7.559
       7.937        7.517
       7.768        7.328
       7.590        7.128
       7.163        6.645
       6.641        6.049
       6.528        5.919
       6.411        5.784
       6.290        5.645
       6.090        5.414
       6.052        5.369
       5.510        4.736
       5.466        4.684
       5.293        4.481
       5.162        4.325
       5.074        4.222
       4.894        4.009
       4.759        3.848
       4.527        3.574
       4.481        3.519
       4.434        3.464
       4.199        3.185
       4.104        3.073
       4.008        2.960
       3.961        2.903
       3.718        2.620
       3.668        2.563
       3.570        2.450
       3.522        2.393
       3.473        2.337
       3.424        2.280
       3.327        2.168
       3.183        2.001
       3.091        1.890
       3.007        1.781
       2.970        1.727
       2.938        1.673
       2.920        1.620
       2.919        1.567
       2.926        1.566
       2.984        1.514
       2.992        1.514
       3.001        1.514
       3.563        1.514
       3.578        1.514
       3.594        1.514
       4.024        1.566
       4.044        1.567
       4.417        1.620
       4.778        1.673
       5.113        1.727
       5.438        1.781
       6.068        1.890
       6.669        2.001
       7.504        2.168
       8.038        2.280
       8.288        2.337
       8.539        2.393
       8.789        2.450
       9.250        2.563
       9.459        2.620
      10.482        2.903
      10.681        2.960
      11.033        3.073
      11.377        3.185
      12.139        3.464
      12.277        3.519
      12.413        3.574
      13.022        3.848
      13.350        4.009
      13.737        4.222
      13.921        4.325
      14.166        4.481
      14.463        4.684
      14.525        4.736
      15.244        5.369
      15.294        5.414
      15.497        5.645
      15.599        5.784
      15.696        5.919
      15.790        6.049
      16.117        6.645
      16.306        7.128
      16.361        7.328
      16.415        7.517
      16.420        7.559
      16.558        8.451
      16.565        8.483
      16.573        8.669
      16.584        8.845
      16.585        9.278
      16.562        9.785
      16.552        9.899
      16.542       10.008
      16.535       10.113
      16.514       10.300
      16.507       10.343
      16.434       10.839
      16.430       10.873
      16.401       11.033
      16.377       11.152
      16.358       11.239
      16.323       11.400
      16.293       11.526
      16.240       11.735
      16.228       11.779
      16.216       11.821
      16.149       12.043
      16.118       12.138
      16.087       12.225
      16.068       12.279
      15.973       12.516
      15.955       12.557
      15.911       12.654
      15.884       12.709
      15.858       12.760
      15.832       12.809
      15.772       12.914
      15.671       13.067
      15.588       13.175
      15.488       13.284
      15.430       13.337
      15.362       13.390
      15.278       13.448
      15.176       13.500
      15.167       13.507
      15.010       13.557
      15.002       13.560
      14.993       13.564
      14.551       13.564
      14.541       13.560
      14.531       13.557
      14.335       13.507
      14.324       13.500
      14.181       13.448
      14.055       13.390
      13.948       13.337
      13.850       13.284
      13.670       13.175
      13.507       13.067
      13.291       12.914
      13.154       12.809
      13.091       12.760
      13.027       12.709
      12.961       12.654
      12.843       12.557
      12.792       12.516
      12.518       12.279
      12.460       12.225
      12.361       12.138
      12.259       12.043
      12.021       11.821
      11.976       11.779
      11.930       11.735
      11.712       11.526
      11.583       11.400
      11.420       11.239
      11.334       11.152
      11.215       11.033
      11.058       10.873
      11.024       10.839
      10.542       10.343
      10.502       10.300
      10.324       10.113
      10.224       10.008
      10.120        9.899
      10.013        9.785
       9.540        9.278
