       9.916        9.828
       9.771        9.657
       9.553        9.402
       9.520        9.363
       8.931        8.667
       8.890        8.619
       8.664        8.350
       8.512        8.169
       8.160        7.748
       7.956        7.503
       7.875        7.405
       7.792        7.306
       7.587        7.057
       7.330        6.746
       7.155        6.533
       7.115        6.483
       6.483        5.705
       6.434        5.645
       6.297        5.473
       6.154        5.295
       6.061        5.177
       5.965        5.056
       5.867        4.933
       5.675        4.688
       5.628        4.627
       5.384        4.312
       5.334        4.248
       5.189        4.057
       5.092        3.928
       5.047        3.865
       4.764        3.475
       4.673        3.344
       4.544        3.148
       4.500        3.083
       4.463        3.018
       4.427        2.953
       4.389        2.887
       4.331        2.757
       4.292        2.628
       4.293        2.563
       4.307        2.499
       4.359        2.435
       4.511        2.371
       4.524        2.371
       4.537        2.371
       4.551        2.371
       5.005        2.371
       5.022        2.371
       5.039        2.371
       5.056        2.371
       5.533        2.435
       5.910        2.499
       6.242        2.563
       6.564        2.628
       7.131        2.757
       7.664        2.887
       7.906        2.953
       8.150        3.018
       8.394        3.083
       8.609        3.148
       9.250        3.344
       9.642        3.475
      10.684        3.865
      10.852        3.928
      11.149        4.057
      11.564        4.248
      11.687        4.312
      12.277        4.627
      12.390        4.688
      12.792        4.933
      12.968        5.056
      13.139        5.177
      13.303        5.295
      13.526        5.473
      13.737        5.645
      13.796        5.705
      14.522        6.483
      14.568        6.533
      14.720        6.746
      14.919        7.057
      15.066        7.306
      15.117        7.405
      15.168        7.503
      15.276        7.748
      15.446        8.169
      15.510        8.350
      15.593        8.619
      15.602        8.667
      15.760        9.363
      15.770        9.402
      15.810        9.657
      15.832        9.828
      15.871       10.206
      15.891       10.408
      15.896       10.491
      15.901       10.573
      15.909       10.784
      15.916       11.030
      15.919       11.193
      15.916       11.241
      15.899       11.830
      15.899       11.866
      15.888       12.002
      15.878       12.130
      15.869       12.220
      15.861       12.307
      15.853       12.389
      15.830       12.569
      15.822       12.619
      15.786       12.844
      15.779       12.885
      15.751       13.025
      15.731       13.118
      15.717       13.174
      15.637       13.461
      15.604       13.558
      15.544       13.711
      15.524       13.754
      15.497       13.811
      15.470       13.864
      15.443       13.911
      15.375       14.017
      15.291       14.119
      15.234       14.176
      15.169       14.228
      15.080       14.281
      14.934       14.330
      14.926       14.333
      14.918       14.336
      14.911       14.338
      14.664       14.338
      14.655       14.336
      14.646       14.333
      14.637       14.330
      14.452       14.281
      14.322       14.228
      14.217       14.176
      14.118       14.119
      13.955       14.017
      13.805       13.911
      13.740       13.864
      13.673       13.811
      13.604       13.754
      13.548       13.711
      13.370       13.558
      13.260       13.461
      12.953       13.174
      12.898       13.118
      12.803       13.025
      12.663       12.885
      12.621       12.844
      12.402       12.619
      12.356       12.569
      12.185       12.389
      12.107       12.307
      12.026       12.220
      11.943       12.130
      11.826       12.002
      11.703       11.866
      11.669       11.830
      11.143       11.241
      11.101       11.193
      10.957       11.030
      10.741       10.784
      10.559       10.573
      10.488       10.491
      10.415       10.408
      10.240       10.206
