      10.753       10.924
      10.602       10.732
      10.373       10.440
       9.825        9.738
       9.583        9.426
       9.418        9.213
       9.295        9.053
       9.167        8.887
       9.085        8.781
       8.828        8.445
       8.737        8.327
       8.607        8.156
       8.471        7.978
       8.246        7.680
       7.782        7.060
       7.732        6.994
       7.543        6.736
       7.397        6.537
       7.302        6.405
       7.204        6.269
       7.059        6.065
       6.627        5.435
       6.537        5.293
       6.444        5.148
       6.185        4.709
       6.072        4.487
       5.944        4.114
       5.933        4.040
       5.936        3.965
       5.940        3.889
       5.972        3.814
       6.051        3.740
       6.247        3.664
       6.263        3.665
       6.279        3.665
       6.725        3.665
       6.743        3.665
       6.761        3.664
       7.224        3.740
       7.567        3.814
       7.856        3.889
       8.104        3.965
       8.355        4.040
       8.585        4.114
       9.588        4.487
      10.094        4.709
      10.961        5.148
      11.211        5.293
      11.454        5.435
      12.354        6.065
      12.603        6.269
      12.755        6.405
      12.902        6.537
      13.102        6.736
      13.347        6.994
      13.400        7.060
      13.890        7.680
      14.090        7.978
      14.195        8.156
      14.296        8.327
      14.355        8.445
      14.524        8.781
      14.578        8.887
      14.647        9.053
      14.715        9.213
      14.797        9.426
      14.906        9.738
      15.110       10.440
      15.179       10.732
      15.220       10.924
      15.248       11.069
      15.275       11.208
      15.290       11.308
      15.333       11.591
      15.348       11.680
      15.365       11.823
      15.383       11.960
      15.406       12.195
      15.438       12.664
      15.442       12.706
      15.448       12.895
      15.451       13.034
      15.451       13.130
      15.452       13.222
      15.449       13.365
      15.424       13.797
      15.413       13.899
      15.402       13.994
      15.350       14.289
      15.312       14.438
      15.212       14.698
      15.184       14.749
      15.150       14.804
      15.114       14.850
      15.065       14.902
      14.995       14.958
      14.873       15.010
      14.866       15.012
      14.859       15.015
      14.666       15.015
      14.658       15.012
      14.650       15.010
      14.487       14.958
      14.374       14.902
      14.284       14.850
      14.211       14.804
      14.134       14.749
      14.065       14.698
      13.761       14.438
      13.602       14.289
      13.311       13.994
      13.221       13.899
      13.127       13.797
      12.743       13.365
      12.620       13.222
      12.541       13.130
      12.459       13.034
      12.342       12.895
      12.185       12.706
      12.150       12.664
      11.767       12.195
      11.577       11.960
      11.467       11.823
      11.352       11.680
      11.281       11.591
      11.056       11.308
      10.978       11.208
      10.868       11.069
