      11.159       11.458
      10.837       11.001
      10.422       10.407
       9.951        9.722
       9.821        9.531
       9.102        8.447
       8.825        8.014
       8.512        7.495
       8.469        7.419
       8.425        7.342
       8.256        7.033
       8.175        6.876
       8.034        6.559
       7.902        6.153
       7.881        5.988
       7.886        5.906
       8.011        5.656
       8.230        5.572
       8.246        5.572
       8.515        5.572
       8.532        5.572
       8.950        5.656
       9.648        5.906
       9.836        5.988
      10.172        6.153
      10.868        6.559
      11.334        6.876
      11.539        7.033
      11.912        7.342
      11.997        7.419
      12.081        7.495
      12.598        8.014
      12.961        8.447
      13.691        9.531
      13.799        9.722
      14.133       10.407
      14.372       11.001
      14.530       11.458
      14.695       12.011
      14.839       12.601
      14.872       12.762
      15.010       13.596
      15.044       13.902
      15.068       14.264
      15.070       14.316
      15.071       14.367
      15.072       14.574
      15.070       14.675
      15.053       14.887
      15.008       15.146
      14.975       15.251
      14.953       15.305
      14.838       15.463
      14.728       15.516
      14.722       15.517
      14.612       15.517
      14.605       15.516
      14.453       15.463
      14.211       15.305
      14.145       15.251
      14.027       15.146
      13.769       14.887
      13.579       14.675
      13.491       14.574
      13.318       14.367
      13.277       14.316
      13.234       14.264
      12.947       13.902
      12.712       13.596
      12.093       12.762
      11.977       12.601
      11.552       12.011
