      12.306       12.998
      12.148       12.749
      11.752       12.105
      11.591       11.838
      11.271       11.291
      11.111       11.009
      10.831       10.497
      10.716       10.273
      10.641       10.121
      10.530        9.889
      10.427        9.654
      10.392        9.572
      10.333        9.413
      10.197        8.837
      10.198        8.752
      10.211        8.667
      10.253        8.582
      10.363        8.496
      10.377        8.497
      10.625        8.497
      10.639        8.496
      10.882        8.582
      11.053        8.667
      11.195        8.752
      11.322        8.837
      12.011        9.413
      12.170        9.572
      12.242        9.654
      12.450        9.889
      12.637       10.121
      12.753       10.273
      12.915       10.497
      13.241       11.009
      13.403       11.291
      13.684       11.838
      13.805       12.105
      14.065       12.749
      14.154       12.998
      14.307       13.489
      14.373       13.729
      14.473       14.140
      14.507       14.316
      14.528       14.432
      14.555       14.604
      14.576       14.777
      14.583       14.831
      14.591       14.947
      14.576       15.343
      14.564       15.398
      14.545       15.454
      14.514       15.511
      14.449       15.566
      14.443       15.568
      14.323       15.568
      14.316       15.566
      14.205       15.511
      14.127       15.454
      14.061       15.398
      14.002       15.343
      13.650       14.947
      13.559       14.831
      13.517       14.777
      13.387       14.604
      13.263       14.432
      13.180       14.316
      13.058       14.140
      12.780       13.729
      12.622       13.489
