1,    1, 3062
 2, 3062, 3063
 3, 3063, 3064
 4, 3064, 3065
 5, 3065, 3066
 6, 3066, 3067
 7, 3067, 3068
 8, 3068, 3069
 9, 3069, 3070
10, 3070,    2
11, 3, 2
28, 20, 19
39, 31, 30
54, 45, 44
70,    1, 3071
71, 3071, 3072
72, 3072, 3073
73, 3073, 3074
74, 3074, 3075
75, 3075, 3076
76, 3076, 3077
77, 3077, 3078
78, 3078, 3079
79, 3079,   60
80,    1, 3080
81, 3080, 3081
82, 3081, 3082
83, 3082, 3083
84, 3083, 3084
85, 3084, 3085
86, 3085, 3086
87, 3086, 3087
88, 3087, 3088
89, 3088,   61
90, 62, 61
107, 79, 78
118, 90, 89
133, 104, 103
150,   2, 120
151, 120, 121
152, 121, 122
153, 122, 123
154, 123, 124
155, 124, 125
156, 125, 126
157, 126, 127
158, 127, 128
159, 128, 129
160, 129, 130
161, 130, 131
162, 131, 132
163, 132, 133
164, 133, 134
165, 134,  45
166, 135,   3
196, 19, 60
197, 149,  20
206,  30, 153
215, 157,  31
281,  44, 183
299,    1, 3089
300, 3089, 3090
301, 3090, 3091
302, 3091, 3092
303, 3092, 3093
304, 3093, 3094
305, 3094, 3095
306, 3095, 3096
307, 3096, 3097
308, 3097,  191
309,    1, 3098
310, 3098, 3099
311, 3099, 3100
312, 3100, 3101
313, 3101, 3102
314, 3102, 3103
315, 3103, 3104
316, 3104, 3105
317, 3105, 3106
318, 3106,  192
319, 193, 192
336, 210, 209
347, 221, 220
362, 235, 234
379,  61, 251
380, 251, 252
381, 252, 253
382, 253, 254
383, 254, 255
384, 255, 256
385, 256, 257
386, 257, 258
387, 258, 259
388, 259, 260
389, 260, 261
390, 261, 262
391, 262, 263
392, 263, 264
393, 264, 265
394, 265, 104
395, 266,  62
425,  78, 191
426, 280,  79
435,  89, 284
444, 288,  90
510, 103, 314
581, 342, 135
615,  60, 358
616, 359, 149
623, 153, 362
624, 363, 157
639, 183, 373
645,    1, 3107
646, 3107, 3108
647, 3108, 3109
648, 3109, 3110
649, 3110, 3111
650, 3111, 3112
651, 3112, 3113
652, 3113, 3114
653, 3114, 3115
654, 3115,  376
655,    1, 3116
656, 3116, 3117
657, 3117, 3118
658, 3118, 3119
659, 3119, 3120
660, 3120, 3121
661, 3121, 3122
662, 3122, 3123
663, 3123, 3124
664, 3124,  377
665, 378, 377
682, 395, 394
693, 406, 405
708, 420, 419
725, 192, 436
726, 436, 437
727, 437, 438
728, 438, 439
729, 439, 440
730, 440, 441
731, 441, 442
732, 442, 443
733, 443, 444
734, 444, 445
735, 445, 446
736, 446, 447
737, 447, 448
738, 448, 449
739, 449, 450
740, 450, 235
741, 451, 193
771, 209, 376
772, 465, 210
781, 220, 469
790, 473, 221
856, 234, 499
927, 527, 266
961, 191, 543
962, 544, 280
969, 284, 547
970, 548, 288
985, 314, 558
987, 559, 342
1010, 358, 570
1012, 571, 359
1017, 362, 573
1018, 574, 363
1035, 373, 582
1043,    1, 3125
1044, 3125, 3126
1045, 3126, 3127
1046, 3127, 3128
1047, 3128, 3129
1048, 3129, 3130
1049, 3130, 3131
1050, 3131, 3132
1051, 3132, 3133
1052, 3133,  586
1053,    1, 3134
1054, 3134, 3135
1055, 3135, 3136
1056, 3136, 3137
1057, 3137, 3138
1058, 3138, 3139
1059, 3139, 3140
1060, 3140, 3141
1061, 3141, 3142
1062, 3142,  587
1063, 588, 587
1080, 605, 604
1091, 616, 615
1106, 630, 629
1123, 377, 646
1124, 646, 647
1125, 647, 648
1126, 648, 649
1127, 649, 650
1128, 650, 651
1129, 651, 652
1130, 652, 653
1131, 653, 654
1132, 654, 655
1133, 655, 656
1134, 656, 657
1135, 657, 658
1136, 658, 659
1137, 659, 660
1138, 660, 420
1139, 661, 378
1169, 394, 586
1170, 675, 395
1179, 405, 679
1188, 683, 406
1254, 419, 709
1325, 737, 451
1359, 376, 753
1360, 754, 465
1367, 469, 757
1368, 758, 473
1383, 499, 768
1385, 769, 527
1408, 543, 780
1410, 781, 544
1415, 547, 783
1416, 784, 548
1433, 558, 792
1435, 793, 559
1454, 570, 802
1456, 803, 571
1459, 573, 804
1460, 805, 574
1473, 582, 811
1483,    1, 3143
1484, 3143, 3144
1485, 3144, 3145
1486, 3145, 3146
1487, 3146, 3147
1488, 3147, 3148
1489, 3148, 3149
1490, 3149, 3150
1491, 3150, 3151
1492, 3151,  816
1493,    1, 3152
1494, 3152, 3153
1495, 3153, 3154
1496, 3154, 3155
1497, 3155, 3156
1498, 3156, 3157
1499, 3157, 3158
1500, 3158, 3159
1501, 3159, 3160
1502, 3160,  817
1503, 818, 817
1520, 835, 834
1531, 846, 845
1546, 860, 859
1563, 587, 876
1564, 876, 877
1565, 877, 878
1566, 878, 879
1567, 879, 880
1568, 880, 881
1569, 881, 882
1570, 882, 883
1571, 883, 884
1572, 884, 885
1573, 885, 886
1574, 886, 887
1575, 887, 888
1576, 888, 889
1577, 889, 890
1578, 890, 630
1579, 891, 588
1609, 604, 816
1610, 905, 605
1619, 615, 909
1628, 913, 616
1694, 629, 939
1765, 967, 661
1799, 586, 983
1800, 984, 675
1807, 679, 987
1808, 988, 683
1823, 709, 998
1825, 999, 737
1848,  753, 1010
1850, 1011,  754
1855,  757, 1013
1856, 1014,  758
1873,  768, 1022
1875, 1023,  769
1894,  780, 1032
1896, 1033,  781
1899,  783, 1034
1900, 1035,  784
1913,  792, 1041
1915, 1042,  793
1930,  802, 1049
1932, 1050,  803
1933,  804, 1050
1934, 1051,  805
1943,  811, 1055
1955,    1, 3161
1956, 3161, 3162
1957, 3162, 3163
1958, 3163, 3164
1959, 3164, 3165
1960, 3165, 3166
1961, 3166, 3167
1962, 3167, 3168
1963, 3168, 3169
1964, 3169, 1061
1965,    1, 3170
1966, 3170, 3171
1967, 3171, 3172
1968, 3172, 3173
1969, 3173, 3174
1970, 3174, 3175
1971, 3175, 3176
1972, 3176, 3177
1973, 3177, 3178
1974, 3178, 1062
1975, 1063, 1062
1992, 1080, 1079
2003, 1091, 1090
2018, 1105, 1104
2035,  817, 1121
2036, 1121, 1122
2037, 1122, 1123
2038, 1123, 1124
2039, 1124, 1125
2040, 1125, 1126
2041, 1126, 1127
2042, 1127, 1128
2043, 1128, 1129
2044, 1129, 1130
2045, 1130, 1131
2046, 1131, 1132
2047, 1132, 1133
2048, 1133, 1134
2049, 1134, 1135
2050, 1135,  860
2051, 1136,  818
2081,  834, 1061
2082, 1150,  835
2091,  845, 1154
2100, 1158,  846
2166,  859, 1184
2237, 1212,  891
2271,  816, 1228
2272, 1229,  905
2279,  909, 1232
2280, 1233,  913
2295,  939, 1243
2297, 1244,  967
2320,  983, 1255
2322, 1256,  984
2327,  987, 1258
2328, 1259,  988
2345,  998, 1267
2347, 1268,  999
2366, 1010, 1277
2368, 1278, 1011
2371, 1013, 1279
2372, 1280, 1014
2385, 1022, 1286
2387, 1287, 1023
2402, 1032, 1294
2404, 1295, 1033
2405, 1034, 1295
2406, 1296, 1035
2415, 1041, 1300
2417, 1301, 1042
2418, 1301, 1302
2419, 1302, 1303
2420, 1303, 1304
2421, 1304, 1305
2422, 1305, 1051
2428, 1049, 1306
2435, 1055, 1309
2448,    1, 3179
2449, 3179, 3180
2450, 3180, 3181
2451, 3181, 3182
2452, 3182, 3183
2453, 3183, 3184
2454, 3184, 3185
2455, 3185, 3186
2456, 3186, 3187
2457, 3187, 1315
2458,    1, 3188
2459, 3188, 3189
2460, 3189, 3190
2461, 3190, 3191
2462, 3191, 3192
2463, 3192, 3193
2464, 3193, 3194
2465, 3194, 3195
2466, 3195, 3196
2467, 3196, 1316
2468, 1317, 1316
2485, 1334, 1333
2496, 1345, 1344
2511, 1359, 1358
2528, 1062, 1375
2529, 1375, 1376
2530, 1376, 1377
2531, 1377, 1378
2532, 1378, 1379
2533, 1379, 1380
2534, 1380, 1381
2535, 1381, 1382
2536, 1382, 1383
2537, 1383, 1384
2538, 1384, 1385
2539, 1385, 1386
2540, 1386, 1387
2541, 1387, 1388
2542, 1388, 1389
2543, 1389, 1105
2544, 1390, 1063
2574, 1079, 1315
2575, 1404, 1080
2584, 1090, 1408
2593, 1412, 1091
2659, 1104, 1438
2730, 1466, 1136
2764, 1061, 1482
2765, 1483, 1150
2772, 1154, 1486
2773, 1487, 1158
2788, 1184, 1497
2790, 1498, 1212
2813, 1228, 1509
2815, 1510, 1229
2820, 1232, 1512
2821, 1513, 1233
2838, 1243, 1521
2840, 1522, 1244
2859, 1255, 1531
2861, 1532, 1256
2864, 1258, 1533
2865, 1534, 1259
2878, 1267, 1540
2880, 1541, 1268
2895, 1277, 1548
2897, 1549, 1278
2898, 1279, 1549
2899, 1550, 1280
2908, 1286, 1554
2910, 1555, 1287
2911, 1555, 1556
2912, 1556, 1557
2913, 1557, 1558
2914, 1558, 1559
2915, 1559, 1296
2921, 1294, 1560
2928, 1300, 1563
2930, 1306, 1564
2934, 1564, 1309
2946,    1, 3197
2947, 3197, 3198
2948, 3198, 3199
2949, 3199, 3200
2950, 3200, 3201
2951, 3201, 3202
2952, 3202, 3203
2953, 3203, 3204
2954, 3204, 3205
2955, 3205, 1570
2956,    1, 3206
2957, 3206, 3207
2958, 3207, 3208
2959, 3208, 3209
2960, 3209, 3210
2961, 3210, 3211
2962, 3211, 3212
2963, 3212, 3213
2964, 3213, 3214
2965, 3214, 1571
2966, 1572, 1571
2983, 1589, 1588
2994, 1600, 1599
3009, 1614, 1613
3026, 1316, 1630
3027, 1630, 1631
3028, 1631, 1632
3029, 1632, 1633
3030, 1633, 1634
3031, 1634, 1635
3032, 1635, 1636
3033, 1636, 1637
3034, 1637, 1638
3035, 1638, 1639
3036, 1639, 1640
3037, 1640, 1641
3038, 1641, 1642
3039, 1642, 1643
3040, 1643, 1644
3041, 1644, 1359
3042, 1645, 1317
3072, 1333, 1570
3073, 1659, 1334
3082, 1344, 1663
3091, 1667, 1345
3157, 1358, 1693
3228, 1721, 1390
3262, 1315, 1737
3263, 1738, 1404
3270, 1408, 1741
3271, 1742, 1412
3286, 1438, 1752
3288, 1753, 1466
3311, 1482, 1764
3313, 1765, 1483
3318, 1486, 1767
3319, 1768, 1487
3336, 1497, 1776
3338, 1777, 1498
3357, 1509, 1786
3359, 1787, 1510
3362, 1512, 1788
3363, 1789, 1513
3376, 1521, 1795
3378, 1796, 1522
3393, 1531, 1803
3395, 1804, 1532
3396, 1533, 1804
3397, 1805, 1534
3406, 1540, 1809
3408, 1810, 1541
3409, 1810, 1811
3410, 1811, 1812
3411, 1812, 1813
3412, 1813, 1814
3413, 1814, 1550
3419, 1548, 1815
3426, 1554, 1818
3428, 1560, 1819
3432, 1819, 1563
3444,    1, 3215
3445, 3215, 3216
3446, 3216, 3217
3447, 3217, 3218
3448, 3218, 3219
3449, 3219, 3220
3450, 3220, 3221
3451, 3221, 3222
3452, 3222, 3223
3453, 3223, 1825
3454,    1, 3224
3455, 3224, 3225
3456, 3225, 3226
3457, 3226, 3227
3458, 3227, 3228
3459, 3228, 3229
3460, 3229, 3230
3461, 3230, 3231
3462, 3231, 3232
3463, 3232, 1826
3464, 1827, 1826
3481, 1844, 1843
3492, 1855, 1854
3507, 1869, 1868
3524, 1571, 1885
3525, 1885, 1886
3526, 1886, 1887
3527, 1887, 1888
3528, 1888, 1889
3529, 1889, 1890
3530, 1890, 1891
3531, 1891, 1892
3532, 1892, 1893
3533, 1893, 1894
3534, 1894, 1895
3535, 1895, 1896
3536, 1896, 1897
3537, 1897, 1898
3538, 1898, 1899
3539, 1899, 1614
3540, 1900, 1572
3570, 1588, 1825
3571, 1914, 1589
3580, 1599, 1918
3589, 1922, 1600
3655, 1613, 1948
3726, 1976, 1645
3760, 1570, 1992
3761, 1993, 1659
3768, 1663, 1996
3769, 1997, 1667
3784, 1693, 2007
3786, 2008, 1721
3809, 1737, 2019
3811, 2020, 1738
3816, 1741, 2022
3817, 2023, 1742
3834, 1752, 2031
3836, 2032, 1753
3855, 1764, 2041
3857, 2042, 1765
3860, 1767, 2043
3861, 2044, 1768
3874, 1776, 2050
3876, 2051, 1777
3891, 1786, 2058
3893, 2059, 1787
3894, 1788, 2059
3895, 2060, 1789
3904, 1795, 2064
3906, 2065, 1796
3907, 2065, 2066
3908, 2066, 2067
3909, 2067, 2068
3910, 2068, 2069
3911, 2069, 1805
3917, 1803, 2070
3924, 1809, 2073
3926, 1815, 2074
3930, 2074, 1818
3942,    1, 3233
3943, 3233, 3234
3944, 3234, 3235
3945, 3235, 3236
3946, 3236, 3237
3947, 3237, 3238
3948, 3238, 3239
3949, 3239, 3240
3950, 3240, 3241
3951, 3241, 2080
3952,    1, 3242
3953, 3242, 3243
3954, 3243, 3244
3955, 3244, 3245
3956, 3245, 3246
3957, 3246, 3247
3958, 3247, 3248
3959, 3248, 3249
3960, 3249, 3250
3961, 3250, 2081
3962, 2082, 2081
3979, 2099, 2098
3990, 2110, 2109
4005, 2124, 2123
4022, 1826, 2140
4023, 2140, 2141
4024, 2141, 2142
4025, 2142, 2143
4026, 2143, 2144
4027, 2144, 2145
4028, 2145, 2146
4029, 2146, 2147
4030, 2147, 2148
4031, 2148, 2149
4032, 2149, 2150
4033, 2150, 2151
4034, 2151, 2152
4035, 2152, 2153
4036, 2153, 2154
4037, 2154, 1869
4038, 2155, 1827
4068, 1843, 2080
4069, 2169, 1844
4078, 1854, 2173
4087, 2177, 1855
4153, 1868, 2203
4224, 2231, 1900
4258, 1825, 2247
4259, 2248, 1914
4266, 1918, 2251
4267, 2252, 1922
4282, 1948, 2262
4284, 2263, 1976
4307, 1992, 2274
4309, 2275, 1993
4314, 1996, 2277
4315, 2278, 1997
4332, 2007, 2286
4334, 2287, 2008
4353, 2019, 2296
4355, 2297, 2020
4358, 2022, 2298
4359, 2299, 2023
4372, 2031, 2305
4374, 2306, 2032
4389, 2041, 2313
4391, 2314, 2042
4392, 2043, 2314
4393, 2315, 2044
4402, 2050, 2319
4404, 2320, 2051
4405, 2320, 2321
4406, 2321, 2322
4407, 2322, 2323
4408, 2323, 2324
4409, 2324, 2060
4415, 2058, 2325
4422, 2064, 2328
4424, 2070, 2329
4428, 2329, 2073
4440,    1, 3251
4441, 3251, 3252
4442, 3252, 3253
4443, 3253, 3254
4444, 3254, 3255
4445, 3255, 3256
4446, 3256, 3257
4447, 3257, 3258
4448, 3258, 3259
4449, 3259, 2335
4450,    1, 3260
4451, 3260, 3261
4452, 3261, 3262
4453, 3262, 3263
4454, 3263, 3264
4455, 3264, 3265
4456, 3265, 3266
4457, 3266, 3267
4458, 3267, 3268
4459, 3268, 2336
4460, 2337, 2336
4477, 2354, 2353
4488, 2365, 2364
4503, 2379, 2378
4520, 2081, 2395
4521, 2395, 2396
4522, 2396, 2397
4523, 2397, 2398
4524, 2398, 2399
4525, 2399, 2400
4526, 2400, 2401
4527, 2401, 2402
4528, 2402, 2403
4529, 2403, 2404
4530, 2404, 2405
4531, 2405, 2406
4532, 2406, 2407
4533, 2407, 2408
4534, 2408, 2409
4535, 2409, 2124
4536, 2410, 2082
4566, 2098, 2335
4567, 2424, 2099
4576, 2109, 2428
4585, 2432, 2110
4651, 2123, 2458
4722, 2486, 2155
4756, 2080, 2502
4757, 2503, 2169
4764, 2173, 2506
4765, 2507, 2177
4780, 2203, 2517
4782, 2518, 2231
4805, 2247, 2529
4807, 2530, 2248
4812, 2251, 2532
4813, 2533, 2252
4830, 2262, 2541
4832, 2542, 2263
4851, 2274, 2551
4853, 2552, 2275
4856, 2277, 2553
4857, 2554, 2278
4870, 2286, 2560
4872, 2561, 2287
4887, 2296, 2568
4889, 2569, 2297
4890, 2298, 2569
4891, 2570, 2299
4900, 2305, 2574
4902, 2575, 2306
4903, 2575, 2576
4904, 2576, 2577
4905, 2577, 2578
4906, 2578, 2579
4907, 2579, 2315
4913, 2313, 2580
4920, 2319, 2583
4922, 2325, 2584
4926, 2584, 2328
4938,    1, 3269
4939, 3269, 3270
4940, 3270, 3271
4941, 3271, 3272
4942, 3272, 3273
4943, 3273, 3274
4944, 3274, 3275
4945, 3275, 3276
4946, 3276, 3277
4947, 3277, 2590
4949, 2336, 2592
4950, 2592, 2593
4951, 2593, 2594
4952, 2594, 2595
4953, 2595, 2596
4954, 2596, 2597
4955, 2597, 2598
4956, 2598, 2599
4957, 2599, 2600
4958, 2600, 2601
4959, 2601, 2602
4960, 2602, 2603
4961, 2603, 2604
4962, 2604, 2605
4963, 2605, 2606
4964, 2606, 2379
4965, 2607, 2337
4995, 2353, 2590
4996, 2621, 2354
5005, 2364, 2625
5014, 2629, 2365
5080, 2378, 2655
5151, 2683, 2410
5185, 2335, 2699
5186, 2700, 2424
5193, 2428, 2703
5194, 2704, 2432
5209, 2458, 2714
5211, 2715, 2486
5234, 2502, 2726
5236, 2727, 2503
5241, 2506, 2729
5242, 2730, 2507
5259, 2517, 2738
5261, 2739, 2518
5280, 2529, 2748
5282, 2749, 2530
5285, 2532, 2750
5286, 2751, 2533
5299, 2541, 2757
5301, 2758, 2542
5316, 2551, 2765
5318, 2766, 2552
5319, 2553, 2766
5320, 2767, 2554
5329, 2560, 2771
5331, 2772, 2561
5332, 2772, 2773
5333, 2773, 2774
5334, 2774, 2775
5335, 2775, 2776
5336, 2776, 2570
5342, 2568, 2777
5349, 2574, 2780
5351, 2580, 2781
5355, 2781, 2583
5422, 2808, 2607
5456, 2590, 2824
5457, 2825, 2621
5464, 2625, 2828
5465, 2829, 2629
5480, 2655, 2839
5482, 2840, 2683
5505, 2699, 2851
5507, 2852, 2700
5512, 2703, 2854
5513, 2855, 2704
5530, 2714, 2863
5532, 2864, 2715
5551, 2726, 2873
5553, 2874, 2727
5556, 2729, 2875
5557, 2876, 2730
5570, 2738, 2882
5572, 2883, 2739
5587, 2748, 2890
5589, 2891, 2749
5590, 2750, 2891
5591, 2892, 2751
5600, 2757, 2896
5602, 2897, 2758
5603, 2897, 2898
5604, 2898, 2899
5605, 2899, 2900
5606, 2900, 2901
5607, 2901, 2767
5613, 2765, 2902
5620, 2771, 2905
5622, 2777, 2906
5626, 2906, 2780
5636, 2911, 2808
5659, 2824, 2922
5661, 2923, 2825
5666, 2828, 2925
5667, 2926, 2829
5684, 2839, 2934
5686, 2935, 2840
5705, 2851, 2944
5707, 2945, 2852
5710, 2854, 2946
5711, 2947, 2855
5724, 2863, 2953
5726, 2954, 2864
5741, 2873, 2961
5743, 2962, 2874
5744, 2875, 2962
5745, 2963, 2876
5754, 2882, 2967
5756, 2968, 2883
5757, 2968, 2969
5758, 2969, 2970
5759, 2970, 2971
5760, 2971, 2972
5761, 2972, 2892
5767, 2890, 2973
5774, 2896, 2976
5776, 2902, 2977
5780, 2977, 2905
5788, 2981, 2911
5807, 2922, 2990
5809, 2991, 2923
5812, 2925, 2992
5813, 2993, 2926
5826, 2934, 2999
5828, 3000, 2935
5843, 2944, 3007
5845, 3008, 2945
5846, 2946, 3008
5847, 3009, 2947
5856, 2953, 3013
5858, 3014, 2954
5859, 3014, 3015
5860, 3015, 3016
5861, 3016, 3017
5862, 3017, 3018
5863, 3018, 2963
5869, 2961, 3019
5876, 2967, 3022
5878, 2973, 3023
5882, 3023, 2976
5888, 3026, 2981
5903, 2990, 3033
5905, 3034, 2991
5906, 2992, 3034
5907, 3035, 2993
5916, 2999, 3039
5918, 3040, 3000
5919, 3040, 3041
5920, 3041, 3042
5921, 3042, 3043
5922, 3043, 3044
5923, 3044, 3009
5929, 3007, 3045
5936, 3013, 3048
5938, 3019, 3049
5942, 3049, 3022
5946, 3051, 3026
5947, 3051, 3052
5948, 3052, 3053
5949, 3053, 3054
5950, 3054, 3055
5951, 3055, 3035
5957, 3033, 3056
5964, 3039, 3059
5966, 3045, 3060
5970, 3060, 3048
5972, 3056, 3061
5976, 3061, 3059
12, 3, 4
13, 4, 5
14, 5, 6
15, 6, 7
16, 7, 8
17, 8, 9
18,  9, 10
19, 10, 11
20, 11, 12
21, 12, 13
22, 13, 14
23, 14, 15
24, 15, 16
25, 16, 17
26, 17, 18
27, 18, 19
29, 21, 20
30, 22, 21
31, 23, 22
32, 24, 23
33, 25, 24
34, 26, 25
35, 27, 26
36, 28, 27
37, 29, 28
38, 30, 29
40, 31, 32
41, 32, 33
42, 33, 34
43, 34, 35
44, 35, 36
45, 36, 13
46, 13, 37
47, 37, 38
48, 38, 39
49, 39, 40
50, 40, 41
51, 41, 42
52, 42, 43
53, 43, 44
55, 46, 45
56, 47, 46
57, 48, 47
58, 49, 48
59, 50, 49
60, 51, 50
61, 52, 51
62, 53, 52
63, 54, 53
64, 55, 54
65, 56, 55
66, 57, 56
67, 58, 57
68, 59, 58
69,  5, 59
91, 62, 63
92, 63, 64
93, 64, 65
94, 65, 66
95, 66, 67
96, 67, 68
97, 68, 69
98, 69, 70
 99, 70, 71
100, 71, 72
101, 72, 73
102, 73, 74
103, 74, 75
104, 75, 76
105, 76, 77
106, 77, 78
108, 80, 79
109, 81, 80
110, 82, 81
111, 83, 82
112, 84, 83
113, 85, 84
114, 86, 85
115, 87, 86
116, 88, 87
117, 89, 88
119, 90, 91
120, 91, 92
121, 92, 93
122, 93, 94
123, 94, 95
124, 95, 72
125, 72, 96
126, 96, 97
127, 97, 98
128, 98, 99
129,  99, 100
130, 100, 101
131, 101, 102
132, 102, 103
134, 105, 104
135, 106, 105
136, 107, 106
137, 108, 107
138, 109, 108
139, 110, 109
140, 111, 110
141, 112, 111
142, 113, 112
143, 114, 113
144, 115, 114
145, 116, 115
146, 117, 116
147, 118, 117
148,  64, 118
149,   2, 119
167, 135, 136
168, 136, 137
169, 137, 138
170, 138, 139
171, 139, 140
172, 140, 141
173, 141, 142
174, 142, 143
175, 143, 144
176, 144,  36
177,  36, 145
178, 145, 146
179, 146, 147
180, 147, 148
181, 148,  21
182, 136,   4
183, 137,   5
184, 138,   6
185, 139,   7
186, 140,   8
187, 141,   9
188, 142,  10
189, 143,  11
190, 144,  12
191, 145,  14
192, 146,  15
193, 147,  16
194, 148,  17
195, 21, 18
198,  22, 149
199, 150,  22
200,  24, 150
201, 151,  24
202,  26, 151
203, 152,  26
204,  28, 152
205, 153,  28
207,  23, 148
208, 154,  23
209,  25, 154
210, 155,  25
211,  27, 155
212, 156,  27
213,  29, 156
214, 32, 29
216, 157, 158
217, 158, 159
218, 159, 160
219, 160, 161
220, 161, 144
221, 158,  32
222, 159,  33
223, 160,  34
224, 161,  35
225, 162,  37
226,  12, 162
227, 163,  38
228, 162, 163
229, 164, 162
230,  11, 164
231, 165,  39
232, 163, 165
233, 166, 163
234, 164, 166
235, 167, 164
236,  10, 167
237, 168,  40
238, 165, 168
239, 169, 165
240, 166, 169
241, 170, 166
242, 167, 170
243, 171, 167
244,   9, 171
245, 172,  41
246, 168, 172
247, 173, 168
248, 169, 173
249, 174, 169
250, 170, 174
251, 175, 170
252, 171, 175
253, 176, 171
254,   8, 176
255, 177,  42
256, 172, 177
257, 178, 172
258, 173, 178
259, 179, 173
260, 174, 179
261, 180, 174
262, 175, 180
263, 181, 175
264, 176, 181
265, 182, 176
266,   7, 182
267, 46, 43
268, 177,  46
269,  48, 177
270, 178,  48
271,  50, 178
272, 179,  50
273,  52, 179
274, 180,  52
275,  54, 180
276, 181,  54
277,  56, 181
278, 182,  56
279,  58, 182
280,  6, 58
282,  47, 134
283, 184,  47
284,  49, 184
285, 185,  49
286,  51, 185
287, 186,  51
288,  53, 186
289, 187,  53
290,  55, 187
291, 188,  55
292,  57, 188
293, 189,  57
294,  59, 189
295, 119,  59
296,   4, 119
297, 190,  60
298,  18, 190
320, 193, 194
321, 194, 195
322, 195, 196
323, 196, 197
324, 197, 198
325, 198, 199
326, 199, 200
327, 200, 201
328, 201, 202
329, 202, 203
330, 203, 204
331, 204, 205
332, 205, 206
333, 206, 207
334, 207, 208
335, 208, 209
337, 211, 210
338, 212, 211
339, 213, 212
340, 214, 213
341, 215, 214
342, 216, 215
343, 217, 216
344, 218, 217
345, 219, 218
346, 220, 219
348, 221, 222
349, 222, 223
350, 223, 224
351, 224, 225
352, 225, 226
353, 226, 203
354, 203, 227
355, 227, 228
356, 228, 229
357, 229, 230
358, 230, 231
359, 231, 232
360, 232, 233
361, 233, 234
363, 236, 235
364, 237, 236
365, 238, 237
366, 239, 238
367, 240, 239
368, 241, 240
369, 242, 241
370, 243, 242
371, 244, 243
372, 245, 244
373, 246, 245
374, 247, 246
375, 248, 247
376, 249, 248
377, 195, 249
378,  61, 250
396, 266, 267
397, 267, 268
398, 268, 269
399, 269, 270
400, 270, 271
401, 271, 272
402, 272, 273
403, 273, 274
404, 274, 275
405, 275,  95
406,  95, 276
407, 276, 277
408, 277, 278
409, 278, 279
410, 279,  80
411, 267,  63
412, 268,  64
413, 269,  65
414, 270,  66
415, 271,  67
416, 272,  68
417, 273,  69
418, 274,  70
419, 275,  71
420, 276,  73
421, 277,  74
422, 278,  75
423, 279,  76
424, 80, 77
427,  81, 280
428, 281,  81
429,  83, 281
430, 282,  83
431,  85, 282
432, 283,  85
433,  87, 283
434, 284,  87
436,  82, 279
437, 285,  82
438,  84, 285
439, 286,  84
440,  86, 286
441, 287,  86
442,  88, 287
443, 91, 88
445, 288, 289
446, 289, 290
447, 290, 291
448, 291, 292
449, 292, 275
450, 289,  91
451, 290,  92
452, 291,  93
453, 292,  94
454, 293,  96
455,  71, 293
456, 294,  97
457, 293, 294
458, 295, 293
459,  70, 295
460, 296,  98
461, 294, 296
462, 297, 294
463, 295, 297
464, 298, 295
465,  69, 298
466, 299,  99
467, 296, 299
468, 300, 296
469, 297, 300
470, 301, 297
471, 298, 301
472, 302, 298
473,  68, 302
474, 303, 100
475, 299, 303
476, 304, 299
477, 300, 304
478, 305, 300
479, 301, 305
480, 306, 301
481, 302, 306
482, 307, 302
483,  67, 307
484, 308, 101
485, 303, 308
486, 309, 303
487, 304, 309
488, 310, 304
489, 305, 310
490, 311, 305
491, 306, 311
492, 312, 306
493, 307, 312
494, 313, 307
495,  66, 313
496, 105, 102
497, 308, 105
498, 107, 308
499, 309, 107
500, 109, 309
501, 310, 109
502, 111, 310
503, 311, 111
504, 113, 311
505, 312, 113
506, 115, 312
507, 313, 115
508, 117, 313
509,  65, 117
511, 106, 265
512, 315, 106
513, 108, 315
514, 316, 108
515, 110, 316
516, 317, 110
517, 112, 317
518, 318, 112
519, 114, 318
520, 319, 114
521, 116, 319
522, 320, 116
523, 118, 320
524, 250, 118
525,  63, 250
526, 120, 321
527, 121, 322
528, 122, 323
529, 123, 324
530, 124, 325
531, 125, 326
532, 326, 127
533, 327, 128
534, 326, 327
535, 325, 326
536, 328, 129
537, 327, 328
538, 329, 327
539, 325, 329
540, 324, 325
541, 330, 130
542, 328, 330
543, 331, 328
544, 329, 331
545, 332, 329
546, 324, 332
547, 323, 324
548, 333, 131
549, 330, 333
550, 334, 330
551, 331, 334
552, 335, 331
553, 332, 335
554, 336, 332
555, 323, 336
556, 322, 323
557, 337, 132
558, 333, 337
559, 338, 333
560, 334, 338
561, 339, 334
562, 335, 339
563, 340, 335
564, 336, 340
565, 341, 336
566, 322, 341
567, 321, 322
568, 184, 133
569, 337, 184
570, 185, 337
571, 338, 185
572, 186, 338
573, 339, 186
574, 187, 339
575, 340, 187
576, 188, 340
577, 341, 188
578, 189, 341
579, 321, 189
580, 119, 321
582, 342, 343
583, 343, 344
584, 344, 345
585, 345, 346
586, 346, 347
587, 347, 348
588, 348, 349
589, 349, 350
590, 350, 161
591, 343, 136
592, 344, 137
593, 345, 138
594, 346, 139
595, 347, 140
596, 348, 141
597, 349, 142
598, 350, 143
599, 351, 145
600,  35, 351
601, 352, 146
602, 351, 352
603, 353, 351
604,  34, 353
605, 154, 147
606, 352, 154
607, 155, 352
608, 353, 155
609, 156, 353
610,  33, 156
611,  14, 354
612,  15, 355
613,  16, 356
614,  17, 357
617, 150, 359
618, 360, 150
619, 151, 360
620, 361, 151
621, 152, 361
622, 362, 152
625, 363, 364
626, 364, 365
627, 365, 366
628, 366, 350
629, 364, 158
630, 365, 159
631, 366, 160
632,  37, 354
633,  38, 367
634,  39, 368
635,  40, 369
636,  41, 370
637,  42, 371
638,  43, 372
640, 372, 183
641, 190, 374
642, 357, 190
643, 375, 191
644,  77, 375
666, 378, 379
667, 379, 380
668, 380, 381
669, 381, 382
670, 382, 383
671, 383, 384
672, 384, 385
673, 385, 386
674, 386, 387
675, 387, 388
676, 388, 389
677, 389, 390
678, 390, 391
679, 391, 392
680, 392, 393
681, 393, 394
683, 396, 395
684, 397, 396
685, 398, 397
686, 399, 398
687, 400, 399
688, 401, 400
689, 402, 401
690, 403, 402
691, 404, 403
692, 405, 404
694, 406, 407
695, 407, 408
696, 408, 409
697, 409, 410
698, 410, 411
699, 411, 388
700, 388, 412
701, 412, 413
702, 413, 414
703, 414, 415
704, 415, 416
705, 416, 417
706, 417, 418
707, 418, 419
709, 421, 420
710, 422, 421
711, 423, 422
712, 424, 423
713, 425, 424
714, 426, 425
715, 427, 426
716, 428, 427
717, 429, 428
718, 430, 429
719, 431, 430
720, 432, 431
721, 433, 432
722, 434, 433
723, 380, 434
724, 192, 435
742, 451, 452
743, 452, 453
744, 453, 454
745, 454, 455
746, 455, 456
747, 456, 457
748, 457, 458
749, 458, 459
750, 459, 460
751, 460, 226
752, 226, 461
753, 461, 462
754, 462, 463
755, 463, 464
756, 464, 211
757, 452, 194
758, 453, 195
759, 454, 196
760, 455, 197
761, 456, 198
762, 457, 199
763, 458, 200
764, 459, 201
765, 460, 202
766, 461, 204
767, 462, 205
768, 463, 206
769, 464, 207
770, 211, 208
773, 212, 465
774, 466, 212
775, 214, 466
776, 467, 214
777, 216, 467
778, 468, 216
779, 218, 468
780, 469, 218
782, 213, 464
783, 470, 213
784, 215, 470
785, 471, 215
786, 217, 471
787, 472, 217
788, 219, 472
789, 222, 219
791, 473, 474
792, 474, 475
793, 475, 476
794, 476, 477
795, 477, 460
796, 474, 222
797, 475, 223
798, 476, 224
799, 477, 225
800, 478, 227
801, 202, 478
802, 479, 228
803, 478, 479
804, 480, 478
805, 201, 480
806, 481, 229
807, 479, 481
808, 482, 479
809, 480, 482
810, 483, 480
811, 200, 483
812, 484, 230
813, 481, 484
814, 485, 481
815, 482, 485
816, 486, 482
817, 483, 486
818, 487, 483
819, 199, 487
820, 488, 231
821, 484, 488
822, 489, 484
823, 485, 489
824, 490, 485
825, 486, 490
826, 491, 486
827, 487, 491
828, 492, 487
829, 198, 492
830, 493, 232
831, 488, 493
832, 494, 488
833, 489, 494
834, 495, 489
835, 490, 495
836, 496, 490
837, 491, 496
838, 497, 491
839, 492, 497
840, 498, 492
841, 197, 498
842, 236, 233
843, 493, 236
844, 238, 493
845, 494, 238
846, 240, 494
847, 495, 240
848, 242, 495
849, 496, 242
850, 244, 496
851, 497, 244
852, 246, 497
853, 498, 246
854, 248, 498
855, 196, 248
857, 237, 450
858, 500, 237
859, 239, 500
860, 501, 239
861, 241, 501
862, 502, 241
863, 243, 502
864, 503, 243
865, 245, 503
866, 504, 245
867, 247, 504
868, 505, 247
869, 249, 505
870, 435, 249
871, 194, 435
872, 251, 506
873, 252, 507
874, 253, 508
875, 254, 509
876, 255, 510
877, 256, 511
878, 511, 258
879, 512, 259
880, 511, 512
881, 510, 511
882, 513, 260
883, 512, 513
884, 514, 512
885, 510, 514
886, 509, 510
887, 515, 261
888, 513, 515
889, 516, 513
890, 514, 516
891, 517, 514
892, 509, 517
893, 508, 509
894, 518, 262
895, 515, 518
896, 519, 515
897, 516, 519
898, 520, 516
899, 517, 520
900, 521, 517
901, 508, 521
902, 507, 508
903, 522, 263
904, 518, 522
905, 523, 518
906, 519, 523
907, 524, 519
908, 520, 524
909, 525, 520
910, 521, 525
911, 526, 521
912, 507, 526
913, 506, 507
914, 315, 264
915, 522, 315
916, 316, 522
917, 523, 316
918, 317, 523
919, 524, 317
920, 318, 524
921, 525, 318
922, 319, 525
923, 526, 319
924, 320, 526
925, 506, 320
926, 250, 506
928, 527, 528
929, 528, 529
930, 529, 530
931, 530, 531
932, 531, 532
933, 532, 533
934, 533, 534
935, 534, 535
936, 535, 292
937, 528, 267
938, 529, 268
939, 530, 269
940, 531, 270
941, 532, 271
942, 533, 272
943, 534, 273
944, 535, 274
945, 536, 276
946,  94, 536
947, 537, 277
948, 536, 537
949, 538, 536
950,  93, 538
951, 285, 278
952, 537, 285
953, 286, 537
954, 538, 286
955, 287, 538
956,  92, 287
957,  73, 539
958,  74, 540
959,  75, 541
960,  76, 542
963, 281, 544
964, 545, 281
965, 282, 545
966, 546, 282
967, 283, 546
968, 547, 283
971, 548, 549
972, 549, 550
973, 550, 551
974, 551, 535
975, 549, 289
976, 550, 290
977, 551, 291
978,  96, 539
979,  97, 552
980,  98, 553
981,  99, 554
982, 100, 555
983, 101, 556
984, 102, 557
986, 557, 314
988, 559, 560
989, 560, 561
990, 561, 562
991, 562, 563
992, 563, 564
993, 564, 565
994, 565, 566
995, 566, 366
996, 560, 343
997, 561, 344
998, 562, 345
 999, 563, 346
1000, 564, 347
1001, 565, 348
1002, 566, 349
1003, 354, 367
1004, 355, 567
1005, 354, 355
1006, 356, 568
1007, 355, 356
1008, 357, 569
1009, 356, 357
1011, 374, 358
1013, 360, 571
1014, 572, 360
1015, 361, 572
1016, 573, 361
1019, 574, 575
1020, 575, 576
1021, 576, 566
1022, 575, 364
1023, 576, 365
1024, 367, 567
1025, 368, 577
1026, 367, 368
1027, 369, 578
1028, 368, 369
1029, 370, 579
1030, 369, 370
1031, 371, 580
1032, 370, 371
1033, 372, 581
1034, 371, 372
1036, 581, 373
1037, 374, 583
1038, 569, 374
1039, 375, 584
1040, 542, 375
1041, 585, 376
1042, 208, 585
1064, 588, 589
1065, 589, 590
1066, 590, 591
1067, 591, 592
1068, 592, 593
1069, 593, 594
1070, 594, 595
1071, 595, 596
1072, 596, 597
1073, 597, 598
1074, 598, 599
1075, 599, 600
1076, 600, 601
1077, 601, 602
1078, 602, 603
1079, 603, 604
1081, 606, 605
1082, 607, 606
1083, 608, 607
1084, 609, 608
1085, 610, 609
1086, 611, 610
1087, 612, 611
1088, 613, 612
1089, 614, 613
1090, 615, 614
1092, 616, 617
1093, 617, 618
1094, 618, 619
1095, 619, 620
1096, 620, 621
1097, 621, 598
1098, 598, 622
1099, 622, 623
1100, 623, 624
1101, 624, 625
1102, 625, 626
1103, 626, 627
1104, 627, 628
1105, 628, 629
1107, 631, 630
1108, 632, 631
1109, 633, 632
1110, 634, 633
1111, 635, 634
1112, 636, 635
1113, 637, 636
1114, 638, 637
1115, 639, 638
1116, 640, 639
1117, 641, 640
1118, 642, 641
1119, 643, 642
1120, 644, 643
1121, 590, 644
1122, 377, 645
1140, 661, 662
1141, 662, 663
1142, 663, 664
1143, 664, 665
1144, 665, 666
1145, 666, 667
1146, 667, 668
1147, 668, 669
1148, 669, 670
1149, 670, 411
1150, 411, 671
1151, 671, 672
1152, 672, 673
1153, 673, 674
1154, 674, 396
1155, 662, 379
1156, 663, 380
1157, 664, 381
1158, 665, 382
1159, 666, 383
1160, 667, 384
1161, 668, 385
1162, 669, 386
1163, 670, 387
1164, 671, 389
1165, 672, 390
1166, 673, 391
1167, 674, 392
1168, 396, 393
1171, 397, 675
1172, 676, 397
1173, 399, 676
1174, 677, 399
1175, 401, 677
1176, 678, 401
1177, 403, 678
1178, 679, 403
1180, 398, 674
1181, 680, 398
1182, 400, 680
1183, 681, 400
1184, 402, 681
1185, 682, 402
1186, 404, 682
1187, 407, 404
1189, 683, 684
1190, 684, 685
1191, 685, 686
1192, 686, 687
1193, 687, 670
1194, 684, 407
1195, 685, 408
1196, 686, 409
1197, 687, 410
1198, 688, 412
1199, 387, 688
1200, 689, 413
1201, 688, 689
1202, 690, 688
1203, 386, 690
1204, 691, 414
1205, 689, 691
1206, 692, 689
1207, 690, 692
1208, 693, 690
1209, 385, 693
1210, 694, 415
1211, 691, 694
1212, 695, 691
1213, 692, 695
1214, 696, 692
1215, 693, 696
1216, 697, 693
1217, 384, 697
1218, 698, 416
1219, 694, 698
1220, 699, 694
1221, 695, 699
1222, 700, 695
1223, 696, 700
1224, 701, 696
1225, 697, 701
1226, 702, 697
1227, 383, 702
1228, 703, 417
1229, 698, 703
1230, 704, 698
1231, 699, 704
1232, 705, 699
1233, 700, 705
1234, 706, 700
1235, 701, 706
1236, 707, 701
1237, 702, 707
1238, 708, 702
1239, 382, 708
1240, 421, 418
1241, 703, 421
1242, 423, 703
1243, 704, 423
1244, 425, 704
1245, 705, 425
1246, 427, 705
1247, 706, 427
1248, 429, 706
1249, 707, 429
1250, 431, 707
1251, 708, 431
1252, 433, 708
1253, 381, 433
1255, 422, 660
1256, 710, 422
1257, 424, 710
1258, 711, 424
1259, 426, 711
1260, 712, 426
1261, 428, 712
1262, 713, 428
1263, 430, 713
1264, 714, 430
1265, 432, 714
1266, 715, 432
1267, 434, 715
1268, 645, 434
1269, 379, 645
1270, 436, 716
1271, 437, 717
1272, 438, 718
1273, 439, 719
1274, 440, 720
1275, 441, 721
1276, 721, 443
1277, 722, 444
1278, 721, 722
1279, 720, 721
1280, 723, 445
1281, 722, 723
1282, 724, 722
1283, 720, 724
1284, 719, 720
1285, 725, 446
1286, 723, 725
1287, 726, 723
1288, 724, 726
1289, 727, 724
1290, 719, 727
1291, 718, 719
1292, 728, 447
1293, 725, 728
1294, 729, 725
1295, 726, 729
1296, 730, 726
1297, 727, 730
1298, 731, 727
1299, 718, 731
1300, 717, 718
1301, 732, 448
1302, 728, 732
1303, 733, 728
1304, 729, 733
1305, 734, 729
1306, 730, 734
1307, 735, 730
1308, 731, 735
1309, 736, 731
1310, 717, 736
1311, 716, 717
1312, 500, 449
1313, 732, 500
1314, 501, 732
1315, 733, 501
1316, 502, 733
1317, 734, 502
1318, 503, 734
1319, 735, 503
1320, 504, 735
1321, 736, 504
1322, 505, 736
1323, 716, 505
1324, 435, 716
1326, 737, 738
1327, 738, 739
1328, 739, 740
1329, 740, 741
1330, 741, 742
1331, 742, 743
1332, 743, 744
1333, 744, 745
1334, 745, 477
1335, 738, 452
1336, 739, 453
1337, 740, 454
1338, 741, 455
1339, 742, 456
1340, 743, 457
1341, 744, 458
1342, 745, 459
1343, 746, 461
1344, 225, 746
1345, 747, 462
1346, 746, 747
1347, 748, 746
1348, 224, 748
1349, 470, 463
1350, 747, 470
1351, 471, 747
1352, 748, 471
1353, 472, 748
1354, 223, 472
1355, 204, 749
1356, 205, 750
1357, 206, 751
1358, 207, 752
1361, 466, 754
1362, 755, 466
1363, 467, 755
1364, 756, 467
1365, 468, 756
1366, 757, 468
1369, 758, 759
1370, 759, 760
1371, 760, 761
1372, 761, 745
1373, 759, 474
1374, 760, 475
1375, 761, 476
1376, 227, 749
1377, 228, 762
1378, 229, 763
1379, 230, 764
1380, 231, 765
1381, 232, 766
1382, 233, 767
1384, 767, 499
1386, 769, 770
1387, 770, 771
1388, 771, 772
1389, 772, 773
1390, 773, 774
1391, 774, 775
1392, 775, 776
1393, 776, 551
1394, 770, 528
1395, 771, 529
1396, 772, 530
1397, 773, 531
1398, 774, 532
1399, 775, 533
1400, 776, 534
1401, 539, 552
1402, 540, 777
1403, 539, 540
1404, 541, 778
1405, 540, 541
1406, 542, 779
1407, 541, 542
1409, 584, 543
1411, 545, 781
1412, 782, 545
1413, 546, 782
1414, 783, 546
1417, 784, 785
1418, 785, 786
1419, 786, 776
1420, 785, 549
1421, 786, 550
1422, 552, 777
1423, 553, 787
1424, 552, 553
1425, 554, 788
1426, 553, 554
1427, 555, 789
1428, 554, 555
1429, 556, 790
1430, 555, 556
1431, 557, 791
1432, 556, 557
1434, 791, 558
1436, 793, 794
1437, 794, 795
1438, 795, 796
1439, 796, 797
1440, 797, 798
1441, 798, 799
1442, 799, 576
1443, 794, 560
1444, 795, 561
1445, 796, 562
1446, 797, 563
1447, 798, 564
1448, 799, 565
1449, 567, 577
1450, 568, 800
1451, 567, 568
1452, 569, 801
1453, 568, 569
1455, 583, 570
1457, 572, 803
1458, 804, 572
1461, 805, 806
1462, 806, 799
1463, 806, 575
1464, 577, 800
1465, 578, 807
1466, 577, 578
1467, 579, 808
1468, 578, 579
1469, 580, 809
1470, 579, 580
1471, 581, 810
1472, 580, 581
1474, 810, 582
1475, 583, 812
1476, 801, 583
1477, 584, 813
1478, 779, 584
1479, 585, 814
1480, 752, 585
1481, 815, 586
1482, 393, 815
1504, 818, 819
1505, 819, 820
1506, 820, 821
1507, 821, 822
1508, 822, 823
1509, 823, 824
1510, 824, 825
1511, 825, 826
1512, 826, 827
1513, 827, 828
1514, 828, 829
1515, 829, 830
1516, 830, 831
1517, 831, 832
1518, 832, 833
1519, 833, 834
1521, 836, 835
1522, 837, 836
1523, 838, 837
1524, 839, 838
1525, 840, 839
1526, 841, 840
1527, 842, 841
1528, 843, 842
1529, 844, 843
1530, 845, 844
1532, 846, 847
1533, 847, 848
1534, 848, 849
1535, 849, 850
1536, 850, 851
1537, 851, 828
1538, 828, 852
1539, 852, 853
1540, 853, 854
1541, 854, 855
1542, 855, 856
1543, 856, 857
1544, 857, 858
1545, 858, 859
1547, 861, 860
1548, 862, 861
1549, 863, 862
1550, 864, 863
1551, 865, 864
1552, 866, 865
1553, 867, 866
1554, 868, 867
1555, 869, 868
1556, 870, 869
1557, 871, 870
1558, 872, 871
1559, 873, 872
1560, 874, 873
1561, 820, 874
1562, 587, 875
1580, 891, 892
1581, 892, 893
1582, 893, 894
1583, 894, 895
1584, 895, 896
1585, 896, 897
1586, 897, 898
1587, 898, 899
1588, 899, 900
1589, 900, 621
1590, 621, 901
1591, 901, 902
1592, 902, 903
1593, 903, 904
1594, 904, 606
1595, 892, 589
1596, 893, 590
1597, 894, 591
1598, 895, 592
1599, 896, 593
1600, 897, 594
1601, 898, 595
1602, 899, 596
1603, 900, 597
1604, 901, 599
1605, 902, 600
1606, 903, 601
1607, 904, 602
1608, 606, 603
1611, 607, 905
1612, 906, 607
1613, 609, 906
1614, 907, 609
1615, 611, 907
1616, 908, 611
1617, 613, 908
1618, 909, 613
1620, 608, 904
1621, 910, 608
1622, 610, 910
1623, 911, 610
1624, 612, 911
1625, 912, 612
1626, 614, 912
1627, 617, 614
1629, 913, 914
1630, 914, 915
1631, 915, 916
1632, 916, 917
1633, 917, 900
1634, 914, 617
1635, 915, 618
1636, 916, 619
1637, 917, 620
1638, 918, 622
1639, 597, 918
1640, 919, 623
1641, 918, 919
1642, 920, 918
1643, 596, 920
1644, 921, 624
1645, 919, 921
1646, 922, 919
1647, 920, 922
1648, 923, 920
1649, 595, 923
1650, 924, 625
1651, 921, 924
1652, 925, 921
1653, 922, 925
1654, 926, 922
1655, 923, 926
1656, 927, 923
1657, 594, 927
1658, 928, 626
1659, 924, 928
1660, 929, 924
1661, 925, 929
1662, 930, 925
1663, 926, 930
1664, 931, 926
1665, 927, 931
1666, 932, 927
1667, 593, 932
1668, 933, 627
1669, 928, 933
1670, 934, 928
1671, 929, 934
1672, 935, 929
1673, 930, 935
1674, 936, 930
1675, 931, 936
1676, 937, 931
1677, 932, 937
1678, 938, 932
1679, 592, 938
1680, 631, 628
1681, 933, 631
1682, 633, 933
1683, 934, 633
1684, 635, 934
1685, 935, 635
1686, 637, 935
1687, 936, 637
1688, 639, 936
1689, 937, 639
1690, 641, 937
1691, 938, 641
1692, 643, 938
1693, 591, 643
1695, 632, 890
1696, 940, 632
1697, 634, 940
1698, 941, 634
1699, 636, 941
1700, 942, 636
1701, 638, 942
1702, 943, 638
1703, 640, 943
1704, 944, 640
1705, 642, 944
1706, 945, 642
1707, 644, 945
1708, 875, 644
1709, 589, 875
1710, 646, 946
1711, 647, 947
1712, 648, 948
1713, 649, 949
1714, 650, 950
1715, 651, 951
1716, 951, 653
1717, 952, 654
1718, 951, 952
1719, 950, 951
1720, 953, 655
1721, 952, 953
1722, 954, 952
1723, 950, 954
1724, 949, 950
1725, 955, 656
1726, 953, 955
1727, 956, 953
1728, 954, 956
1729, 957, 954
1730, 949, 957
1731, 948, 949
1732, 958, 657
1733, 955, 958
1734, 959, 955
1735, 956, 959
1736, 960, 956
1737, 957, 960
1738, 961, 957
1739, 948, 961
1740, 947, 948
1741, 962, 658
1742, 958, 962
1743, 963, 958
1744, 959, 963
1745, 964, 959
1746, 960, 964
1747, 965, 960
1748, 961, 965
1749, 966, 961
1750, 947, 966
1751, 946, 947
1752, 710, 659
1753, 962, 710
1754, 711, 962
1755, 963, 711
1756, 712, 963
1757, 964, 712
1758, 713, 964
1759, 965, 713
1760, 714, 965
1761, 966, 714
1762, 715, 966
1763, 946, 715
1764, 645, 946
1766, 967, 968
1767, 968, 969
1768, 969, 970
1769, 970, 971
1770, 971, 972
1771, 972, 973
1772, 973, 974
1773, 974, 975
1774, 975, 687
1775, 968, 662
1776, 969, 663
1777, 970, 664
1778, 971, 665
1779, 972, 666
1780, 973, 667
1781, 974, 668
1782, 975, 669
1783, 976, 671
1784, 410, 976
1785, 977, 672
1786, 976, 977
1787, 978, 976
1788, 409, 978
1789, 680, 673
1790, 977, 680
1791, 681, 977
1792, 978, 681
1793, 682, 978
1794, 408, 682
1795, 389, 979
1796, 390, 980
1797, 391, 981
1798, 392, 982
1801, 676, 984
1802, 985, 676
1803, 677, 985
1804, 986, 677
1805, 678, 986
1806, 987, 678
1809, 988, 989
1810, 989, 990
1811, 990, 991
1812, 991, 975
1813, 989, 684
1814, 990, 685
1815, 991, 686
1816, 412, 979
1817, 413, 992
1818, 414, 993
1819, 415, 994
1820, 416, 995
1821, 417, 996
1822, 418, 997
1824, 997, 709
1826,  999, 1000
1827, 1000, 1001
1828, 1001, 1002
1829, 1002, 1003
1830, 1003, 1004
1831, 1004, 1005
1832, 1005, 1006
1833, 1006,  761
1834, 1000,  738
1835, 1001,  739
1836, 1002,  740
1837, 1003,  741
1838, 1004,  742
1839, 1005,  743
1840, 1006,  744
1841, 749, 762
1842,  750, 1007
1843, 749, 750
1844,  751, 1008
1845, 750, 751
1846,  752, 1009
1847, 751, 752
1849, 814, 753
1851,  755, 1011
1852, 1012,  755
1853,  756, 1012
1854, 1013,  756
1857, 1014, 1015
1858, 1015, 1016
1859, 1016, 1006
1860, 1015,  759
1861, 1016,  760
1862,  762, 1007
1863,  763, 1017
1864, 762, 763
1865,  764, 1018
1866, 763, 764
1867,  765, 1019
1868, 764, 765
1869,  766, 1020
1870, 765, 766
1871,  767, 1021
1872, 766, 767
1874, 1021,  768
1876, 1023, 1024
1877, 1024, 1025
1878, 1025, 1026
1879, 1026, 1027
1880, 1027, 1028
1881, 1028, 1029
1882, 1029,  786
1883, 1024,  770
1884, 1025,  771
1885, 1026,  772
1886, 1027,  773
1887, 1028,  774
1888, 1029,  775
1889, 777, 787
1890,  778, 1030
1891, 777, 778
1892,  779, 1031
1893, 778, 779
1895, 813, 780
1897,  782, 1033
1898, 1034,  782
1901, 1035, 1036
1902, 1036, 1029
1903, 1036,  785
1904,  787, 1030
1905,  788, 1037
1906, 787, 788
1907,  789, 1038
1908, 788, 789
1909,  790, 1039
1910, 789, 790
1911,  791, 1040
1912, 790, 791
1914, 1040,  792
1916, 1042, 1043
1917, 1043, 1044
1918, 1044, 1045
1919, 1045, 1046
1920, 1046, 1047
1921, 1047,  806
1922, 1043,  794
1923, 1044,  795
1924, 1045,  796
1925, 1046,  797
1926, 1047,  798
1927, 800, 807
1928,  801, 1048
1929, 800, 801
1931, 812, 802
1935, 1051, 1047
1936,  807, 1048
1937,  808, 1052
1938, 807, 808
1939,  809, 1053
1940, 808, 809
1941,  810, 1054
1942, 809, 810
1944, 1054,  811
1945,  812, 1056
1946, 1048,  812
1947,  813, 1057
1948, 1031,  813
1949,  814, 1058
1950, 1009,  814
1951,  815, 1059
1952, 982, 815
1953, 1060,  816
1954,  603, 1060
1976, 1063, 1064
1977, 1064, 1065
1978, 1065, 1066
1979, 1066, 1067
1980, 1067, 1068
1981, 1068, 1069
1982, 1069, 1070
1983, 1070, 1071
1984, 1071, 1072
1985, 1072, 1073
1986, 1073, 1074
1987, 1074, 1075
1988, 1075, 1076
1989, 1076, 1077
1990, 1077, 1078
1991, 1078, 1079
1993, 1081, 1080
1994, 1082, 1081
1995, 1083, 1082
1996, 1084, 1083
1997, 1085, 1084
1998, 1086, 1085
1999, 1087, 1086
2000, 1088, 1087
2001, 1089, 1088
2002, 1090, 1089
2004, 1091, 1092
2005, 1092, 1093
2006, 1093, 1094
2007, 1094, 1095
2008, 1095, 1096
2009, 1096, 1073
2010, 1073, 1097
2011, 1097, 1098
2012, 1098, 1099
2013, 1099, 1100
2014, 1100, 1101
2015, 1101, 1102
2016, 1102, 1103
2017, 1103, 1104
2019, 1106, 1105
2020, 1107, 1106
2021, 1108, 1107
2022, 1109, 1108
2023, 1110, 1109
2024, 1111, 1110
2025, 1112, 1111
2026, 1113, 1112
2027, 1114, 1113
2028, 1115, 1114
2029, 1116, 1115
2030, 1117, 1116
2031, 1118, 1117
2032, 1119, 1118
2033, 1065, 1119
2034,  817, 1120
2052, 1136, 1137
2053, 1137, 1138
2054, 1138, 1139
2055, 1139, 1140
2056, 1140, 1141
2057, 1141, 1142
2058, 1142, 1143
2059, 1143, 1144
2060, 1144, 1145
2061, 1145,  851
2062,  851, 1146
2063, 1146, 1147
2064, 1147, 1148
2065, 1148, 1149
2066, 1149,  836
2067, 1137,  819
2068, 1138,  820
2069, 1139,  821
2070, 1140,  822
2071, 1141,  823
2072, 1142,  824
2073, 1143,  825
2074, 1144,  826
2075, 1145,  827
2076, 1146,  829
2077, 1147,  830
2078, 1148,  831
2079, 1149,  832
2080, 836, 833
2083,  837, 1150
2084, 1151,  837
2085,  839, 1151
2086, 1152,  839
2087,  841, 1152
2088, 1153,  841
2089,  843, 1153
2090, 1154,  843
2092,  838, 1149
2093, 1155,  838
2094,  840, 1155
2095, 1156,  840
2096,  842, 1156
2097, 1157,  842
2098,  844, 1157
2099, 847, 844
2101, 1158, 1159
2102, 1159, 1160
2103, 1160, 1161
2104, 1161, 1162
2105, 1162, 1145
2106, 1159,  847
2107, 1160,  848
2108, 1161,  849
2109, 1162,  850
2110, 1163,  852
2111,  827, 1163
2112, 1164,  853
2113, 1163, 1164
2114, 1165, 1163
2115,  826, 1165
2116, 1166,  854
2117, 1164, 1166
2118, 1167, 1164
2119, 1165, 1167
2120, 1168, 1165
2121,  825, 1168
2122, 1169,  855
2123, 1166, 1169
2124, 1170, 1166
2125, 1167, 1170
2126, 1171, 1167
2127, 1168, 1171
2128, 1172, 1168
2129,  824, 1172
2130, 1173,  856
2131, 1169, 1173
2132, 1174, 1169
2133, 1170, 1174
2134, 1175, 1170
2135, 1171, 1175
2136, 1176, 1171
2137, 1172, 1176
2138, 1177, 1172
2139,  823, 1177
2140, 1178,  857
2141, 1173, 1178
2142, 1179, 1173
2143, 1174, 1179
2144, 1180, 1174
2145, 1175, 1180
2146, 1181, 1175
2147, 1176, 1181
2148, 1182, 1176
2149, 1177, 1182
2150, 1183, 1177
2151,  822, 1183
2152, 861, 858
2153, 1178,  861
2154,  863, 1178
2155, 1179,  863
2156,  865, 1179
2157, 1180,  865
2158,  867, 1180
2159, 1181,  867
2160,  869, 1181
2161, 1182,  869
2162,  871, 1182
2163, 1183,  871
2164,  873, 1183
2165, 821, 873
2167,  862, 1135
2168, 1185,  862
2169,  864, 1185
2170, 1186,  864
2171,  866, 1186
2172, 1187,  866
2173,  868, 1187
2174, 1188,  868
2175,  870, 1188
2176, 1189,  870
2177,  872, 1189
2178, 1190,  872
2179,  874, 1190
2180, 1120,  874
2181,  819, 1120
2182,  876, 1191
2183,  877, 1192
2184,  878, 1193
2185,  879, 1194
2186,  880, 1195
2187,  881, 1196
2188, 1196,  883
2189, 1197,  884
2190, 1196, 1197
2191, 1195, 1196
2192, 1198,  885
2193, 1197, 1198
2194, 1199, 1197
2195, 1195, 1199
2196, 1194, 1195
2197, 1200,  886
2198, 1198, 1200
2199, 1201, 1198
2200, 1199, 1201
2201, 1202, 1199
2202, 1194, 1202
2203, 1193, 1194
2204, 1203,  887
2205, 1200, 1203
2206, 1204, 1200
2207, 1201, 1204
2208, 1205, 1201
2209, 1202, 1205
2210, 1206, 1202
2211, 1193, 1206
2212, 1192, 1193
2213, 1207,  888
2214, 1203, 1207
2215, 1208, 1203
2216, 1204, 1208
2217, 1209, 1204
2218, 1205, 1209
2219, 1210, 1205
2220, 1206, 1210
2221, 1211, 1206
2222, 1192, 1211
2223, 1191, 1192
2224, 940, 889
2225, 1207,  940
2226,  941, 1207
2227, 1208,  941
2228,  942, 1208
2229, 1209,  942
2230,  943, 1209
2231, 1210,  943
2232,  944, 1210
2233, 1211,  944
2234,  945, 1211
2235, 1191,  945
2236,  875, 1191
2238, 1212, 1213
2239, 1213, 1214
2240, 1214, 1215
2241, 1215, 1216
2242, 1216, 1217
2243, 1217, 1218
2244, 1218, 1219
2245, 1219, 1220
2246, 1220,  917
2247, 1213,  892
2248, 1214,  893
2249, 1215,  894
2250, 1216,  895
2251, 1217,  896
2252, 1218,  897
2253, 1219,  898
2254, 1220,  899
2255, 1221,  901
2256,  620, 1221
2257, 1222,  902
2258, 1221, 1222
2259, 1223, 1221
2260,  619, 1223
2261, 910, 903
2262, 1222,  910
2263,  911, 1222
2264, 1223,  911
2265,  912, 1223
2266, 618, 912
2267,  599, 1224
2268,  600, 1225
2269,  601, 1226
2270,  602, 1227
2273,  906, 1229
2274, 1230,  906
2275,  907, 1230
2276, 1231,  907
2277,  908, 1231
2278, 1232,  908
2281, 1233, 1234
2282, 1234, 1235
2283, 1235, 1236
2284, 1236, 1220
2285, 1234,  914
2286, 1235,  915
2287, 1236,  916
2288,  622, 1224
2289,  623, 1237
2290,  624, 1238
2291,  625, 1239
2292,  626, 1240
2293,  627, 1241
2294,  628, 1242
2296, 1242,  939
2298, 1244, 1245
2299, 1245, 1246
2300, 1246, 1247
2301, 1247, 1248
2302, 1248, 1249
2303, 1249, 1250
2304, 1250, 1251
2305, 1251,  991
2306, 1245,  968
2307, 1246,  969
2308, 1247,  970
2309, 1248,  971
2310, 1249,  972
2311, 1250,  973
2312, 1251,  974
2313, 979, 992
2314,  980, 1252
2315, 979, 980
2316,  981, 1253
2317, 980, 981
2318,  982, 1254
2319, 981, 982
2321, 1059,  983
2323,  985, 1256
2324, 1257,  985
2325,  986, 1257
2326, 1258,  986
2329, 1259, 1260
2330, 1260, 1261
2331, 1261, 1251
2332, 1260,  989
2333, 1261,  990
2334,  992, 1252
2335,  993, 1262
2336, 992, 993
2337,  994, 1263
2338, 993, 994
2339,  995, 1264
2340, 994, 995
2341,  996, 1265
2342, 995, 996
2343,  997, 1266
2344, 996, 997
2346, 1266,  998
2348, 1268, 1269
2349, 1269, 1270
2350, 1270, 1271
2351, 1271, 1272
2352, 1272, 1273
2353, 1273, 1274
2354, 1274, 1016
2355, 1269, 1000
2356, 1270, 1001
2357, 1271, 1002
2358, 1272, 1003
2359, 1273, 1004
2360, 1274, 1005
2361, 1007, 1017
2362, 1008, 1275
2363, 1007, 1008
2364, 1009, 1276
2365, 1008, 1009
2367, 1058, 1010
2369, 1012, 1278
2370, 1279, 1012
2373, 1280, 1281
2374, 1281, 1274
2375, 1281, 1015
2376, 1017, 1275
2377, 1018, 1282
2378, 1017, 1018
2379, 1019, 1283
2380, 1018, 1019
2381, 1020, 1284
2382, 1019, 1020
2383, 1021, 1285
2384, 1020, 1021
2386, 1285, 1022
2388, 1287, 1288
2389, 1288, 1289
2390, 1289, 1290
2391, 1290, 1291
2392, 1291, 1292
2393, 1292, 1036
2394, 1288, 1024
2395, 1289, 1025
2396, 1290, 1026
2397, 1291, 1027
2398, 1292, 1028
2399, 1030, 1037
2400, 1031, 1293
2401, 1030, 1031
2403, 1057, 1032
2407, 1296, 1292
2408, 1037, 1293
2409, 1038, 1297
2410, 1037, 1038
2411, 1039, 1298
2412, 1038, 1039
2413, 1040, 1299
2414, 1039, 1040
2416, 1299, 1041
2423, 1302, 1043
2424, 1303, 1044
2425, 1304, 1045
2426, 1305, 1046
2427, 1048, 1052
2429, 1056, 1049
2430, 1052, 1056
2431, 1053, 1307
2432, 1052, 1053
2433, 1054, 1308
2434, 1053, 1054
2436, 1308, 1055
2437, 1056, 1307
2438, 1057, 1310
2439, 1293, 1057
2440, 1058, 1311
2441, 1276, 1058
2442, 1059, 1312
2443, 1254, 1059
2444, 1060, 1313
2445, 1227, 1060
2446, 1314, 1061
2447,  833, 1314
2469, 1317, 1318
2470, 1318, 1319
2471, 1319, 1320
2472, 1320, 1321
2473, 1321, 1322
2474, 1322, 1323
2475, 1323, 1324
2476, 1324, 1325
2477, 1325, 1326
2478, 1326, 1327
2479, 1327, 1328
2480, 1328, 1329
2481, 1329, 1330
2482, 1330, 1331
2483, 1331, 1332
2484, 1332, 1333
2486, 1335, 1334
2487, 1336, 1335
2488, 1337, 1336
2489, 1338, 1337
2490, 1339, 1338
2491, 1340, 1339
2492, 1341, 1340
2493, 1342, 1341
2494, 1343, 1342
2495, 1344, 1343
2497, 1345, 1346
2498, 1346, 1347
2499, 1347, 1348
2500, 1348, 1349
2501, 1349, 1350
2502, 1350, 1327
2503, 1327, 1351
2504, 1351, 1352
2505, 1352, 1353
2506, 1353, 1354
2507, 1354, 1355
2508, 1355, 1356
2509, 1356, 1357
2510, 1357, 1358
2512, 1360, 1359
2513, 1361, 1360
2514, 1362, 1361
2515, 1363, 1362
2516, 1364, 1363
2517, 1365, 1364
2518, 1366, 1365
2519, 1367, 1366
2520, 1368, 1367
2521, 1369, 1368
2522, 1370, 1369
2523, 1371, 1370
2524, 1372, 1371
2525, 1373, 1372
2526, 1319, 1373
2527, 1062, 1374
2545, 1390, 1391
2546, 1391, 1392
2547, 1392, 1393
2548, 1393, 1394
2549, 1394, 1395
2550, 1395, 1396
2551, 1396, 1397
2552, 1397, 1398
2553, 1398, 1399
2554, 1399, 1096
2555, 1096, 1400
2556, 1400, 1401
2557, 1401, 1402
2558, 1402, 1403
2559, 1403, 1081
2560, 1391, 1064
2561, 1392, 1065
2562, 1393, 1066
2563, 1394, 1067
2564, 1395, 1068
2565, 1396, 1069
2566, 1397, 1070
2567, 1398, 1071
2568, 1399, 1072
2569, 1400, 1074
2570, 1401, 1075
2571, 1402, 1076
2572, 1403, 1077
2573, 1081, 1078
2576, 1082, 1404
2577, 1405, 1082
2578, 1084, 1405
2579, 1406, 1084
2580, 1086, 1406
2581, 1407, 1086
2582, 1088, 1407
2583, 1408, 1088
2585, 1083, 1403
2586, 1409, 1083
2587, 1085, 1409
2588, 1410, 1085
2589, 1087, 1410
2590, 1411, 1087
2591, 1089, 1411
2592, 1092, 1089
2594, 1412, 1413
2595, 1413, 1414
2596, 1414, 1415
2597, 1415, 1416
2598, 1416, 1399
2599, 1413, 1092
2600, 1414, 1093
2601, 1415, 1094
2602, 1416, 1095
2603, 1417, 1097
2604, 1072, 1417
2605, 1418, 1098
2606, 1417, 1418
2607, 1419, 1417
2608, 1071, 1419
2609, 1420, 1099
2610, 1418, 1420
2611, 1421, 1418
2612, 1419, 1421
2613, 1422, 1419
2614, 1070, 1422
2615, 1423, 1100
2616, 1420, 1423
2617, 1424, 1420
2618, 1421, 1424
2619, 1425, 1421
2620, 1422, 1425
2621, 1426, 1422
2622, 1069, 1426
2623, 1427, 1101
2624, 1423, 1427
2625, 1428, 1423
2626, 1424, 1428
2627, 1429, 1424
2628, 1425, 1429
2629, 1430, 1425
2630, 1426, 1430
2631, 1431, 1426
2632, 1068, 1431
2633, 1432, 1102
2634, 1427, 1432
2635, 1433, 1427
2636, 1428, 1433
2637, 1434, 1428
2638, 1429, 1434
2639, 1435, 1429
2640, 1430, 1435
2641, 1436, 1430
2642, 1431, 1436
2643, 1437, 1431
2644, 1067, 1437
2645, 1106, 1103
2646, 1432, 1106
2647, 1108, 1432
2648, 1433, 1108
2649, 1110, 1433
2650, 1434, 1110
2651, 1112, 1434
2652, 1435, 1112
2653, 1114, 1435
2654, 1436, 1114
2655, 1116, 1436
2656, 1437, 1116
2657, 1118, 1437
2658, 1066, 1118
2660, 1107, 1389
2661, 1439, 1107
2662, 1109, 1439
2663, 1440, 1109
2664, 1111, 1440
2665, 1441, 1111
2666, 1113, 1441
2667, 1442, 1113
2668, 1115, 1442
2669, 1443, 1115
2670, 1117, 1443
2671, 1444, 1117
2672, 1119, 1444
2673, 1374, 1119
2674, 1064, 1374
2675, 1121, 1445
2676, 1122, 1446
2677, 1123, 1447
2678, 1124, 1448
2679, 1125, 1449
2680, 1126, 1450
2681, 1450, 1128
2682, 1451, 1129
2683, 1450, 1451
2684, 1449, 1450
2685, 1452, 1130
2686, 1451, 1452
2687, 1453, 1451
2688, 1449, 1453
2689, 1448, 1449
2690, 1454, 1131
2691, 1452, 1454
2692, 1455, 1452
2693, 1453, 1455
2694, 1456, 1453
2695, 1448, 1456
2696, 1447, 1448
2697, 1457, 1132
2698, 1454, 1457
2699, 1458, 1454
2700, 1455, 1458
2701, 1459, 1455
2702, 1456, 1459
2703, 1460, 1456
2704, 1447, 1460
2705, 1446, 1447
2706, 1461, 1133
2707, 1457, 1461
2708, 1462, 1457
2709, 1458, 1462
2710, 1463, 1458
2711, 1459, 1463
2712, 1464, 1459
2713, 1460, 1464
2714, 1465, 1460
2715, 1446, 1465
2716, 1445, 1446
2717, 1185, 1134
2718, 1461, 1185
2719, 1186, 1461
2720, 1462, 1186
2721, 1187, 1462
2722, 1463, 1187
2723, 1188, 1463
2724, 1464, 1188
2725, 1189, 1464
2726, 1465, 1189
2727, 1190, 1465
2728, 1445, 1190
2729, 1120, 1445
2731, 1466, 1467
2732, 1467, 1468
2733, 1468, 1469
2734, 1469, 1470
2735, 1470, 1471
2736, 1471, 1472
2737, 1472, 1473
2738, 1473, 1474
2739, 1474, 1162
2740, 1467, 1137
2741, 1468, 1138
2742, 1469, 1139
2743, 1470, 1140
2744, 1471, 1141
2745, 1472, 1142
2746, 1473, 1143
2747, 1474, 1144
2748, 1475, 1146
2749,  850, 1475
2750, 1476, 1147
2751, 1475, 1476
2752, 1477, 1475
2753,  849, 1477
2754, 1155, 1148
2755, 1476, 1155
2756, 1156, 1476
2757, 1477, 1156
2758, 1157, 1477
2759,  848, 1157
2760,  829, 1478
2761,  830, 1479
2762,  831, 1480
2763,  832, 1481
2766, 1151, 1483
2767, 1484, 1151
2768, 1152, 1484
2769, 1485, 1152
2770, 1153, 1485
2771, 1486, 1153
2774, 1487, 1488
2775, 1488, 1489
2776, 1489, 1490
2777, 1490, 1474
2778, 1488, 1159
2779, 1489, 1160
2780, 1490, 1161
2781,  852, 1478
2782,  853, 1491
2783,  854, 1492
2784,  855, 1493
2785,  856, 1494
2786,  857, 1495
2787,  858, 1496
2789, 1496, 1184
2791, 1498, 1499
2792, 1499, 1500
2793, 1500, 1501
2794, 1501, 1502
2795, 1502, 1503
2796, 1503, 1504
2797, 1504, 1505
2798, 1505, 1236
2799, 1499, 1213
2800, 1500, 1214
2801, 1501, 1215
2802, 1502, 1216
2803, 1503, 1217
2804, 1504, 1218
2805, 1505, 1219
2806, 1224, 1237
2807, 1225, 1506
2808, 1224, 1225
2809, 1226, 1507
2810, 1225, 1226
2811, 1227, 1508
2812, 1226, 1227
2814, 1313, 1228
2816, 1230, 1510
2817, 1511, 1230
2818, 1231, 1511
2819, 1512, 1231
2822, 1513, 1514
2823, 1514, 1515
2824, 1515, 1505
2825, 1514, 1234
2826, 1515, 1235
2827, 1237, 1506
2828, 1238, 1516
2829, 1237, 1238
2830, 1239, 1517
2831, 1238, 1239
2832, 1240, 1518
2833, 1239, 1240
2834, 1241, 1519
2835, 1240, 1241
2836, 1242, 1520
2837, 1241, 1242
2839, 1520, 1243
2841, 1522, 1523
2842, 1523, 1524
2843, 1524, 1525
2844, 1525, 1526
2845, 1526, 1527
2846, 1527, 1528
2847, 1528, 1261
2848, 1523, 1245
2849, 1524, 1246
2850, 1525, 1247
2851, 1526, 1248
2852, 1527, 1249
2853, 1528, 1250
2854, 1252, 1262
2855, 1253, 1529
2856, 1252, 1253
2857, 1254, 1530
2858, 1253, 1254
2860, 1312, 1255
2862, 1257, 1532
2863, 1533, 1257
2866, 1534, 1535
2867, 1535, 1528
2868, 1535, 1260
2869, 1262, 1529
2870, 1263, 1536
2871, 1262, 1263
2872, 1264, 1537
2873, 1263, 1264
2874, 1265, 1538
2875, 1264, 1265
2876, 1266, 1539
2877, 1265, 1266
2879, 1539, 1267
2881, 1541, 1542
2882, 1542, 1543
2883, 1543, 1544
2884, 1544, 1545
2885, 1545, 1546
2886, 1546, 1281
2887, 1542, 1269
2888, 1543, 1270
2889, 1544, 1271
2890, 1545, 1272
2891, 1546, 1273
2892, 1275, 1282
2893, 1276, 1547
2894, 1275, 1276
2896, 1311, 1277
2900, 1550, 1546
2901, 1282, 1547
2902, 1283, 1551
2903, 1282, 1283
2904, 1284, 1552
2905, 1283, 1284
2906, 1285, 1553
2907, 1284, 1285
2909, 1553, 1286
2916, 1556, 1288
2917, 1557, 1289
2918, 1558, 1290
2919, 1559, 1291
2920, 1293, 1297
2922, 1310, 1294
2923, 1297, 1310
2924, 1298, 1561
2925, 1297, 1298
2926, 1299, 1562
2927, 1298, 1299
2929, 1562, 1300
2931, 1307, 1306
2932, 1308, 1564
2933, 1307, 1308
2935, 1310, 1561
2936, 1311, 1565
2937, 1547, 1311
2938, 1312, 1566
2939, 1530, 1312
2940, 1313, 1567
2941, 1508, 1313
2942, 1314, 1568
2943, 1481, 1314
2944, 1569, 1315
2945, 1078, 1569
2967, 1572, 1573
2968, 1573, 1574
2969, 1574, 1575
2970, 1575, 1576
2971, 1576, 1577
2972, 1577, 1578
2973, 1578, 1579
2974, 1579, 1580
2975, 1580, 1581
2976, 1581, 1582
2977, 1582, 1583
2978, 1583, 1584
2979, 1584, 1585
2980, 1585, 1586
2981, 1586, 1587
2982, 1587, 1588
2984, 1590, 1589
2985, 1591, 1590
2986, 1592, 1591
2987, 1593, 1592
2988, 1594, 1593
2989, 1595, 1594
2990, 1596, 1595
2991, 1597, 1596
2992, 1598, 1597
2993, 1599, 1598
2995, 1600, 1601
2996, 1601, 1602
2997, 1602, 1603
2998, 1603, 1604
2999, 1604, 1605
3000, 1605, 1582
3001, 1582, 1606
3002, 1606, 1607
3003, 1607, 1608
3004, 1608, 1609
3005, 1609, 1610
3006, 1610, 1611
3007, 1611, 1612
3008, 1612, 1613
3010, 1615, 1614
3011, 1616, 1615
3012, 1617, 1616
3013, 1618, 1617
3014, 1619, 1618
3015, 1620, 1619
3016, 1621, 1620
3017, 1622, 1621
3018, 1623, 1622
3019, 1624, 1623
3020, 1625, 1624
3021, 1626, 1625
3022, 1627, 1626
3023, 1628, 1627
3024, 1574, 1628
3025, 1316, 1629
3043, 1645, 1646
3044, 1646, 1647
3045, 1647, 1648
3046, 1648, 1649
3047, 1649, 1650
3048, 1650, 1651
3049, 1651, 1652
3050, 1652, 1653
3051, 1653, 1654
3052, 1654, 1350
3053, 1350, 1655
3054, 1655, 1656
3055, 1656, 1657
3056, 1657, 1658
3057, 1658, 1335
3058, 1646, 1318
3059, 1647, 1319
3060, 1648, 1320
3061, 1649, 1321
3062, 1650, 1322
3063, 1651, 1323
3064, 1652, 1324
3065, 1653, 1325
3066, 1654, 1326
3067, 1655, 1328
3068, 1656, 1329
3069, 1657, 1330
3070, 1658, 1331
3071, 1335, 1332
3074, 1336, 1659
3075, 1660, 1336
3076, 1338, 1660
3077, 1661, 1338
3078, 1340, 1661
3079, 1662, 1340
3080, 1342, 1662
3081, 1663, 1342
3083, 1337, 1658
3084, 1664, 1337
3085, 1339, 1664
3086, 1665, 1339
3087, 1341, 1665
3088, 1666, 1341
3089, 1343, 1666
3090, 1346, 1343
3092, 1667, 1668
3093, 1668, 1669
3094, 1669, 1670
3095, 1670, 1671
3096, 1671, 1654
3097, 1668, 1346
3098, 1669, 1347
3099, 1670, 1348
3100, 1671, 1349
3101, 1672, 1351
3102, 1326, 1672
3103, 1673, 1352
3104, 1672, 1673
3105, 1674, 1672
3106, 1325, 1674
3107, 1675, 1353
3108, 1673, 1675
3109, 1676, 1673
3110, 1674, 1676
3111, 1677, 1674
3112, 1324, 1677
3113, 1678, 1354
3114, 1675, 1678
3115, 1679, 1675
3116, 1676, 1679
3117, 1680, 1676
3118, 1677, 1680
3119, 1681, 1677
3120, 1323, 1681
3121, 1682, 1355
3122, 1678, 1682
3123, 1683, 1678
3124, 1679, 1683
3125, 1684, 1679
3126, 1680, 1684
3127, 1685, 1680
3128, 1681, 1685
3129, 1686, 1681
3130, 1322, 1686
3131, 1687, 1356
3132, 1682, 1687
3133, 1688, 1682
3134, 1683, 1688
3135, 1689, 1683
3136, 1684, 1689
3137, 1690, 1684
3138, 1685, 1690
3139, 1691, 1685
3140, 1686, 1691
3141, 1692, 1686
3142, 1321, 1692
3143, 1360, 1357
3144, 1687, 1360
3145, 1362, 1687
3146, 1688, 1362
3147, 1364, 1688
3148, 1689, 1364
3149, 1366, 1689
3150, 1690, 1366
3151, 1368, 1690
3152, 1691, 1368
3153, 1370, 1691
3154, 1692, 1370
3155, 1372, 1692
3156, 1320, 1372
3158, 1361, 1644
3159, 1694, 1361
3160, 1363, 1694
3161, 1695, 1363
3162, 1365, 1695
3163, 1696, 1365
3164, 1367, 1696
3165, 1697, 1367
3166, 1369, 1697
3167, 1698, 1369
3168, 1371, 1698
3169, 1699, 1371
3170, 1373, 1699
3171, 1629, 1373
3172, 1318, 1629
3173, 1375, 1700
3174, 1376, 1701
3175, 1377, 1702
3176, 1378, 1703
3177, 1379, 1704
3178, 1380, 1705
3179, 1705, 1382
3180, 1706, 1383
3181, 1705, 1706
3182, 1704, 1705
3183, 1707, 1384
3184, 1706, 1707
3185, 1708, 1706
3186, 1704, 1708
3187, 1703, 1704
3188, 1709, 1385
3189, 1707, 1709
3190, 1710, 1707
3191, 1708, 1710
3192, 1711, 1708
3193, 1703, 1711
3194, 1702, 1703
3195, 1712, 1386
3196, 1709, 1712
3197, 1713, 1709
3198, 1710, 1713
3199, 1714, 1710
3200, 1711, 1714
3201, 1715, 1711
3202, 1702, 1715
3203, 1701, 1702
3204, 1716, 1387
3205, 1712, 1716
3206, 1717, 1712
3207, 1713, 1717
3208, 1718, 1713
3209, 1714, 1718
3210, 1719, 1714
3211, 1715, 1719
3212, 1720, 1715
3213, 1701, 1720
3214, 1700, 1701
3215, 1439, 1388
3216, 1716, 1439
3217, 1440, 1716
3218, 1717, 1440
3219, 1441, 1717
3220, 1718, 1441
3221, 1442, 1718
3222, 1719, 1442
3223, 1443, 1719
3224, 1720, 1443
3225, 1444, 1720
3226, 1700, 1444
3227, 1374, 1700
3229, 1721, 1722
3230, 1722, 1723
3231, 1723, 1724
3232, 1724, 1725
3233, 1725, 1726
3234, 1726, 1727
3235, 1727, 1728
3236, 1728, 1729
3237, 1729, 1416
3238, 1722, 1391
3239, 1723, 1392
3240, 1724, 1393
3241, 1725, 1394
3242, 1726, 1395
3243, 1727, 1396
3244, 1728, 1397
3245, 1729, 1398
3246, 1730, 1400
3247, 1095, 1730
3248, 1731, 1401
3249, 1730, 1731
3250, 1732, 1730
3251, 1094, 1732
3252, 1409, 1402
3253, 1731, 1409
3254, 1410, 1731
3255, 1732, 1410
3256, 1411, 1732
3257, 1093, 1411
3258, 1074, 1733
3259, 1075, 1734
3260, 1076, 1735
3261, 1077, 1736
3264, 1405, 1738
3265, 1739, 1405
3266, 1406, 1739
3267, 1740, 1406
3268, 1407, 1740
3269, 1741, 1407
3272, 1742, 1743
3273, 1743, 1744
3274, 1744, 1745
3275, 1745, 1729
3276, 1743, 1413
3277, 1744, 1414
3278, 1745, 1415
3279, 1097, 1733
3280, 1098, 1746
3281, 1099, 1747
3282, 1100, 1748
3283, 1101, 1749
3284, 1102, 1750
3285, 1103, 1751
3287, 1751, 1438
3289, 1753, 1754
3290, 1754, 1755
3291, 1755, 1756
3292, 1756, 1757
3293, 1757, 1758
3294, 1758, 1759
3295, 1759, 1760
3296, 1760, 1490
3297, 1754, 1467
3298, 1755, 1468
3299, 1756, 1469
3300, 1757, 1470
3301, 1758, 1471
3302, 1759, 1472
3303, 1760, 1473
3304, 1478, 1491
3305, 1479, 1761
3306, 1478, 1479
3307, 1480, 1762
3308, 1479, 1480
3309, 1481, 1763
3310, 1480, 1481
3312, 1568, 1482
3314, 1484, 1765
3315, 1766, 1484
3316, 1485, 1766
3317, 1767, 1485
3320, 1768, 1769
3321, 1769, 1770
3322, 1770, 1760
3323, 1769, 1488
3324, 1770, 1489
3325, 1491, 1761
3326, 1492, 1771
3327, 1491, 1492
3328, 1493, 1772
3329, 1492, 1493
3330, 1494, 1773
3331, 1493, 1494
3332, 1495, 1774
3333, 1494, 1495
3334, 1496, 1775
3335, 1495, 1496
3337, 1775, 1497
3339, 1777, 1778
3340, 1778, 1779
3341, 1779, 1780
3342, 1780, 1781
3343, 1781, 1782
3344, 1782, 1783
3345, 1783, 1515
3346, 1778, 1499
3347, 1779, 1500
3348, 1780, 1501
3349, 1781, 1502
3350, 1782, 1503
3351, 1783, 1504
3352, 1506, 1516
3353, 1507, 1784
3354, 1506, 1507
3355, 1508, 1785
3356, 1507, 1508
3358, 1567, 1509
3360, 1511, 1787
3361, 1788, 1511
3364, 1789, 1790
3365, 1790, 1783
3366, 1790, 1514
3367, 1516, 1784
3368, 1517, 1791
3369, 1516, 1517
3370, 1518, 1792
3371, 1517, 1518
3372, 1519, 1793
3373, 1518, 1519
3374, 1520, 1794
3375, 1519, 1520
3377, 1794, 1521
3379, 1796, 1797
3380, 1797, 1798
3381, 1798, 1799
3382, 1799, 1800
3383, 1800, 1801
3384, 1801, 1535
3385, 1797, 1523
3386, 1798, 1524
3387, 1799, 1525
3388, 1800, 1526
3389, 1801, 1527
3390, 1529, 1536
3391, 1530, 1802
3392, 1529, 1530
3394, 1566, 1531
3398, 1805, 1801
3399, 1536, 1802
3400, 1537, 1806
3401, 1536, 1537
3402, 1538, 1807
3403, 1537, 1538
3404, 1539, 1808
3405, 1538, 1539
3407, 1808, 1540
3414, 1811, 1542
3415, 1812, 1543
3416, 1813, 1544
3417, 1814, 1545
3418, 1547, 1551
3420, 1565, 1548
3421, 1551, 1565
3422, 1552, 1816
3423, 1551, 1552
3424, 1553, 1817
3425, 1552, 1553
3427, 1817, 1554
3429, 1561, 1560
3430, 1562, 1819
3431, 1561, 1562
3433, 1565, 1816
3434, 1566, 1820
3435, 1802, 1566
3436, 1567, 1821
3437, 1785, 1567
3438, 1568, 1822
3439, 1763, 1568
3440, 1569, 1823
3441, 1736, 1569
3442, 1824, 1570
3443, 1332, 1824
3465, 1827, 1828
3466, 1828, 1829
3467, 1829, 1830
3468, 1830, 1831
3469, 1831, 1832
3470, 1832, 1833
3471, 1833, 1834
3472, 1834, 1835
3473, 1835, 1836
3474, 1836, 1837
3475, 1837, 1838
3476, 1838, 1839
3477, 1839, 1840
3478, 1840, 1841
3479, 1841, 1842
3480, 1842, 1843
3482, 1845, 1844
3483, 1846, 1845
3484, 1847, 1846
3485, 1848, 1847
3486, 1849, 1848
3487, 1850, 1849
3488, 1851, 1850
3489, 1852, 1851
3490, 1853, 1852
3491, 1854, 1853
3493, 1855, 1856
3494, 1856, 1857
3495, 1857, 1858
3496, 1858, 1859
3497, 1859, 1860
3498, 1860, 1837
3499, 1837, 1861
3500, 1861, 1862
3501, 1862, 1863
3502, 1863, 1864
3503, 1864, 1865
3504, 1865, 1866
3505, 1866, 1867
3506, 1867, 1868
3508, 1870, 1869
3509, 1871, 1870
3510, 1872, 1871
3511, 1873, 1872
3512, 1874, 1873
3513, 1875, 1874
3514, 1876, 1875
3515, 1877, 1876
3516, 1878, 1877
3517, 1879, 1878
3518, 1880, 1879
3519, 1881, 1880
3520, 1882, 1881
3521, 1883, 1882
3522, 1829, 1883
3523, 1571, 1884
3541, 1900, 1901
3542, 1901, 1902
3543, 1902, 1903
3544, 1903, 1904
3545, 1904, 1905
3546, 1905, 1906
3547, 1906, 1907
3548, 1907, 1908
3549, 1908, 1909
3550, 1909, 1605
3551, 1605, 1910
3552, 1910, 1911
3553, 1911, 1912
3554, 1912, 1913
3555, 1913, 1590
3556, 1901, 1573
3557, 1902, 1574
3558, 1903, 1575
3559, 1904, 1576
3560, 1905, 1577
3561, 1906, 1578
3562, 1907, 1579
3563, 1908, 1580
3564, 1909, 1581
3565, 1910, 1583
3566, 1911, 1584
3567, 1912, 1585
3568, 1913, 1586
3569, 1590, 1587
3572, 1591, 1914
3573, 1915, 1591
3574, 1593, 1915
3575, 1916, 1593
3576, 1595, 1916
3577, 1917, 1595
3578, 1597, 1917
3579, 1918, 1597
3581, 1592, 1913
3582, 1919, 1592
3583, 1594, 1919
3584, 1920, 1594
3585, 1596, 1920
3586, 1921, 1596
3587, 1598, 1921
3588, 1601, 1598
3590, 1922, 1923
3591, 1923, 1924
3592, 1924, 1925
3593, 1925, 1926
3594, 1926, 1909
3595, 1923, 1601
3596, 1924, 1602
3597, 1925, 1603
3598, 1926, 1604
3599, 1927, 1606
3600, 1581, 1927
3601, 1928, 1607
3602, 1927, 1928
3603, 1929, 1927
3604, 1580, 1929
3605, 1930, 1608
3606, 1928, 1930
3607, 1931, 1928
3608, 1929, 1931
3609, 1932, 1929
3610, 1579, 1932
3611, 1933, 1609
3612, 1930, 1933
3613, 1934, 1930
3614, 1931, 1934
3615, 1935, 1931
3616, 1932, 1935
3617, 1936, 1932
3618, 1578, 1936
3619, 1937, 1610
3620, 1933, 1937
3621, 1938, 1933
3622, 1934, 1938
3623, 1939, 1934
3624, 1935, 1939
3625, 1940, 1935
3626, 1936, 1940
3627, 1941, 1936
3628, 1577, 1941
3629, 1942, 1611
3630, 1937, 1942
3631, 1943, 1937
3632, 1938, 1943
3633, 1944, 1938
3634, 1939, 1944
3635, 1945, 1939
3636, 1940, 1945
3637, 1946, 1940
3638, 1941, 1946
3639, 1947, 1941
3640, 1576, 1947
3641, 1615, 1612
3642, 1942, 1615
3643, 1617, 1942
3644, 1943, 1617
3645, 1619, 1943
3646, 1944, 1619
3647, 1621, 1944
3648, 1945, 1621
3649, 1623, 1945
3650, 1946, 1623
3651, 1625, 1946
3652, 1947, 1625
3653, 1627, 1947
3654, 1575, 1627
3656, 1616, 1899
3657, 1949, 1616
3658, 1618, 1949
3659, 1950, 1618
3660, 1620, 1950
3661, 1951, 1620
3662, 1622, 1951
3663, 1952, 1622
3664, 1624, 1952
3665, 1953, 1624
3666, 1626, 1953
3667, 1954, 1626
3668, 1628, 1954
3669, 1884, 1628
3670, 1573, 1884
3671, 1630, 1955
3672, 1631, 1956
3673, 1632, 1957
3674, 1633, 1958
3675, 1634, 1959
3676, 1635, 1960
3677, 1960, 1637
3678, 1961, 1638
3679, 1960, 1961
3680, 1959, 1960
3681, 1962, 1639
3682, 1961, 1962
3683, 1963, 1961
3684, 1959, 1963
3685, 1958, 1959
3686, 1964, 1640
3687, 1962, 1964
3688, 1965, 1962
3689, 1963, 1965
3690, 1966, 1963
3691, 1958, 1966
3692, 1957, 1958
3693, 1967, 1641
3694, 1964, 1967
3695, 1968, 1964
3696, 1965, 1968
3697, 1969, 1965
3698, 1966, 1969
3699, 1970, 1966
3700, 1957, 1970
3701, 1956, 1957
3702, 1971, 1642
3703, 1967, 1971
3704, 1972, 1967
3705, 1968, 1972
3706, 1973, 1968
3707, 1969, 1973
3708, 1974, 1969
3709, 1970, 1974
3710, 1975, 1970
3711, 1956, 1975
3712, 1955, 1956
3713, 1694, 1643
3714, 1971, 1694
3715, 1695, 1971
3716, 1972, 1695
3717, 1696, 1972
3718, 1973, 1696
3719, 1697, 1973
3720, 1974, 1697
3721, 1698, 1974
3722, 1975, 1698
3723, 1699, 1975
3724, 1955, 1699
3725, 1629, 1955
3727, 1976, 1977
3728, 1977, 1978
3729, 1978, 1979
3730, 1979, 1980
3731, 1980, 1981
3732, 1981, 1982
3733, 1982, 1983
3734, 1983, 1984
3735, 1984, 1671
3736, 1977, 1646
3737, 1978, 1647
3738, 1979, 1648
3739, 1980, 1649
3740, 1981, 1650
3741, 1982, 1651
3742, 1983, 1652
3743, 1984, 1653
3744, 1985, 1655
3745, 1349, 1985
3746, 1986, 1656
3747, 1985, 1986
3748, 1987, 1985
3749, 1348, 1987
3750, 1664, 1657
3751, 1986, 1664
3752, 1665, 1986
3753, 1987, 1665
3754, 1666, 1987
3755, 1347, 1666
3756, 1328, 1988
3757, 1329, 1989
3758, 1330, 1990
3759, 1331, 1991
3762, 1660, 1993
3763, 1994, 1660
3764, 1661, 1994
3765, 1995, 1661
3766, 1662, 1995
3767, 1996, 1662
3770, 1997, 1998
3771, 1998, 1999
3772, 1999, 2000
3773, 2000, 1984
3774, 1998, 1668
3775, 1999, 1669
3776, 2000, 1670
3777, 1351, 1988
3778, 1352, 2001
3779, 1353, 2002
3780, 1354, 2003
3781, 1355, 2004
3782, 1356, 2005
3783, 1357, 2006
3785, 2006, 1693
3787, 2008, 2009
3788, 2009, 2010
3789, 2010, 2011
3790, 2011, 2012
3791, 2012, 2013
3792, 2013, 2014
3793, 2014, 2015
3794, 2015, 1745
3795, 2009, 1722
3796, 2010, 1723
3797, 2011, 1724
3798, 2012, 1725
3799, 2013, 1726
3800, 2014, 1727
3801, 2015, 1728
3802, 1733, 1746
3803, 1734, 2016
3804, 1733, 1734
3805, 1735, 2017
3806, 1734, 1735
3807, 1736, 2018
3808, 1735, 1736
3810, 1823, 1737
3812, 1739, 2020
3813, 2021, 1739
3814, 1740, 2021
3815, 2022, 1740
3818, 2023, 2024
3819, 2024, 2025
3820, 2025, 2015
3821, 2024, 1743
3822, 2025, 1744
3823, 1746, 2016
3824, 1747, 2026
3825, 1746, 1747
3826, 1748, 2027
3827, 1747, 1748
3828, 1749, 2028
3829, 1748, 1749
3830, 1750, 2029
3831, 1749, 1750
3832, 1751, 2030
3833, 1750, 1751
3835, 2030, 1752
3837, 2032, 2033
3838, 2033, 2034
3839, 2034, 2035
3840, 2035, 2036
3841, 2036, 2037
3842, 2037, 2038
3843, 2038, 1770
3844, 2033, 1754
3845, 2034, 1755
3846, 2035, 1756
3847, 2036, 1757
3848, 2037, 1758
3849, 2038, 1759
3850, 1761, 1771
3851, 1762, 2039
3852, 1761, 1762
3853, 1763, 2040
3854, 1762, 1763
3856, 1822, 1764
3858, 1766, 2042
3859, 2043, 1766
3862, 2044, 2045
3863, 2045, 2038
3864, 2045, 1769
3865, 1771, 2039
3866, 1772, 2046
3867, 1771, 1772
3868, 1773, 2047
3869, 1772, 1773
3870, 1774, 2048
3871, 1773, 1774
3872, 1775, 2049
3873, 1774, 1775
3875, 2049, 1776
3877, 2051, 2052
3878, 2052, 2053
3879, 2053, 2054
3880, 2054, 2055
3881, 2055, 2056
3882, 2056, 1790
3883, 2052, 1778
3884, 2053, 1779
3885, 2054, 1780
3886, 2055, 1781
3887, 2056, 1782
3888, 1784, 1791
3889, 1785, 2057
3890, 1784, 1785
3892, 1821, 1786
3896, 2060, 2056
3897, 1791, 2057
3898, 1792, 2061
3899, 1791, 1792
3900, 1793, 2062
3901, 1792, 1793
3902, 1794, 2063
3903, 1793, 1794
3905, 2063, 1795
3912, 2066, 1797
3913, 2067, 1798
3914, 2068, 1799
3915, 2069, 1800
3916, 1802, 1806
3918, 1820, 1803
3919, 1806, 1820
3920, 1807, 2071
3921, 1806, 1807
3922, 1808, 2072
3923, 1807, 1808
3925, 2072, 1809
3927, 1816, 1815
3928, 1817, 2074
3929, 1816, 1817
3931, 1820, 2071
3932, 1821, 2075
3933, 2057, 1821
3934, 1822, 2076
3935, 2040, 1822
3936, 1823, 2077
3937, 2018, 1823
3938, 1824, 2078
3939, 1991, 1824
3940, 2079, 1825
3941, 1587, 2079
3963, 2082, 2083
3964, 2083, 2084
3965, 2084, 2085
3966, 2085, 2086
3967, 2086, 2087
3968, 2087, 2088
3969, 2088, 2089
3970, 2089, 2090
3971, 2090, 2091
3972, 2091, 2092
3973, 2092, 2093
3974, 2093, 2094
3975, 2094, 2095
3976, 2095, 2096
3977, 2096, 2097
3978, 2097, 2098
3980, 2100, 2099
3981, 2101, 2100
3982, 2102, 2101
3983, 2103, 2102
3984, 2104, 2103
3985, 2105, 2104
3986, 2106, 2105
3987, 2107, 2106
3988, 2108, 2107
3989, 2109, 2108
3991, 2110, 2111
3992, 2111, 2112
3993, 2112, 2113
3994, 2113, 2114
3995, 2114, 2115
3996, 2115, 2092
3997, 2092, 2116
3998, 2116, 2117
3999, 2117, 2118
4000, 2118, 2119
4001, 2119, 2120
4002, 2120, 2121
4003, 2121, 2122
4004, 2122, 2123
4006, 2125, 2124
4007, 2126, 2125
4008, 2127, 2126
4009, 2128, 2127
4010, 2129, 2128
4011, 2130, 2129
4012, 2131, 2130
4013, 2132, 2131
4014, 2133, 2132
4015, 2134, 2133
4016, 2135, 2134
4017, 2136, 2135
4018, 2137, 2136
4019, 2138, 2137
4020, 2084, 2138
4021, 1826, 2139
4039, 2155, 2156
4040, 2156, 2157
4041, 2157, 2158
4042, 2158, 2159
4043, 2159, 2160
4044, 2160, 2161
4045, 2161, 2162
4046, 2162, 2163
4047, 2163, 2164
4048, 2164, 1860
4049, 1860, 2165
4050, 2165, 2166
4051, 2166, 2167
4052, 2167, 2168
4053, 2168, 1845
4054, 2156, 1828
4055, 2157, 1829
4056, 2158, 1830
4057, 2159, 1831
4058, 2160, 1832
4059, 2161, 1833
4060, 2162, 1834
4061, 2163, 1835
4062, 2164, 1836
4063, 2165, 1838
4064, 2166, 1839
4065, 2167, 1840
4066, 2168, 1841
4067, 1845, 1842
4070, 1846, 2169
4071, 2170, 1846
4072, 1848, 2170
4073, 2171, 1848
4074, 1850, 2171
4075, 2172, 1850
4076, 1852, 2172
4077, 2173, 1852
4079, 1847, 2168
4080, 2174, 1847
4081, 1849, 2174
4082, 2175, 1849
4083, 1851, 2175
4084, 2176, 1851
4085, 1853, 2176
4086, 1856, 1853
4088, 2177, 2178
4089, 2178, 2179
4090, 2179, 2180
4091, 2180, 2181
4092, 2181, 2164
4093, 2178, 1856
4094, 2179, 1857
4095, 2180, 1858
4096, 2181, 1859
4097, 2182, 1861
4098, 1836, 2182
4099, 2183, 1862
4100, 2182, 2183
4101, 2184, 2182
4102, 1835, 2184
4103, 2185, 1863
4104, 2183, 2185
4105, 2186, 2183
4106, 2184, 2186
4107, 2187, 2184
4108, 1834, 2187
4109, 2188, 1864
4110, 2185, 2188
4111, 2189, 2185
4112, 2186, 2189
4113, 2190, 2186
4114, 2187, 2190
4115, 2191, 2187
4116, 1833, 2191
4117, 2192, 1865
4118, 2188, 2192
4119, 2193, 2188
4120, 2189, 2193
4121, 2194, 2189
4122, 2190, 2194
4123, 2195, 2190
4124, 2191, 2195
4125, 2196, 2191
4126, 1832, 2196
4127, 2197, 1866
4128, 2192, 2197
4129, 2198, 2192
4130, 2193, 2198
4131, 2199, 2193
4132, 2194, 2199
4133, 2200, 2194
4134, 2195, 2200
4135, 2201, 2195
4136, 2196, 2201
4137, 2202, 2196
4138, 1831, 2202
4139, 1870, 1867
4140, 2197, 1870
4141, 1872, 2197
4142, 2198, 1872
4143, 1874, 2198
4144, 2199, 1874
4145, 1876, 2199
4146, 2200, 1876
4147, 1878, 2200
4148, 2201, 1878
4149, 1880, 2201
4150, 2202, 1880
4151, 1882, 2202
4152, 1830, 1882
4154, 1871, 2154
4155, 2204, 1871
4156, 1873, 2204
4157, 2205, 1873
4158, 1875, 2205
4159, 2206, 1875
4160, 1877, 2206
4161, 2207, 1877
4162, 1879, 2207
4163, 2208, 1879
4164, 1881, 2208
4165, 2209, 1881
4166, 1883, 2209
4167, 2139, 1883
4168, 1828, 2139
4169, 1885, 2210
4170, 1886, 2211
4171, 1887, 2212
4172, 1888, 2213
4173, 1889, 2214
4174, 1890, 2215
4175, 2215, 1892
4176, 2216, 1893
4177, 2215, 2216
4178, 2214, 2215
4179, 2217, 1894
4180, 2216, 2217
4181, 2218, 2216
4182, 2214, 2218
4183, 2213, 2214
4184, 2219, 1895
4185, 2217, 2219
4186, 2220, 2217
4187, 2218, 2220
4188, 2221, 2218
4189, 2213, 2221
4190, 2212, 2213
4191, 2222, 1896
4192, 2219, 2222
4193, 2223, 2219
4194, 2220, 2223
4195, 2224, 2220
4196, 2221, 2224
4197, 2225, 2221
4198, 2212, 2225
4199, 2211, 2212
4200, 2226, 1897
4201, 2222, 2226
4202, 2227, 2222
4203, 2223, 2227
4204, 2228, 2223
4205, 2224, 2228
4206, 2229, 2224
4207, 2225, 2229
4208, 2230, 2225
4209, 2211, 2230
4210, 2210, 2211
4211, 1949, 1898
4212, 2226, 1949
4213, 1950, 2226
4214, 2227, 1950
4215, 1951, 2227
4216, 2228, 1951
4217, 1952, 2228
4218, 2229, 1952
4219, 1953, 2229
4220, 2230, 1953
4221, 1954, 2230
4222, 2210, 1954
4223, 1884, 2210
4225, 2231, 2232
4226, 2232, 2233
4227, 2233, 2234
4228, 2234, 2235
4229, 2235, 2236
4230, 2236, 2237
4231, 2237, 2238
4232, 2238, 2239
4233, 2239, 1926
4234, 2232, 1901
4235, 2233, 1902
4236, 2234, 1903
4237, 2235, 1904
4238, 2236, 1905
4239, 2237, 1906
4240, 2238, 1907
4241, 2239, 1908
4242, 2240, 1910
4243, 1604, 2240
4244, 2241, 1911
4245, 2240, 2241
4246, 2242, 2240
4247, 1603, 2242
4248, 1919, 1912
4249, 2241, 1919
4250, 1920, 2241
4251, 2242, 1920
4252, 1921, 2242
4253, 1602, 1921
4254, 1583, 2243
4255, 1584, 2244
4256, 1585, 2245
4257, 1586, 2246
4260, 1915, 2248
4261, 2249, 1915
4262, 1916, 2249
4263, 2250, 1916
4264, 1917, 2250
4265, 2251, 1917
4268, 2252, 2253
4269, 2253, 2254
4270, 2254, 2255
4271, 2255, 2239
4272, 2253, 1923
4273, 2254, 1924
4274, 2255, 1925
4275, 1606, 2243
4276, 1607, 2256
4277, 1608, 2257
4278, 1609, 2258
4279, 1610, 2259
4280, 1611, 2260
4281, 1612, 2261
4283, 2261, 1948
4285, 2263, 2264
4286, 2264, 2265
4287, 2265, 2266
4288, 2266, 2267
4289, 2267, 2268
4290, 2268, 2269
4291, 2269, 2270
4292, 2270, 2000
4293, 2264, 1977
4294, 2265, 1978
4295, 2266, 1979
4296, 2267, 1980
4297, 2268, 1981
4298, 2269, 1982
4299, 2270, 1983
4300, 1988, 2001
4301, 1989, 2271
4302, 1988, 1989
4303, 1990, 2272
4304, 1989, 1990
4305, 1991, 2273
4306, 1990, 1991
4308, 2078, 1992
4310, 1994, 2275
4311, 2276, 1994
4312, 1995, 2276
4313, 2277, 1995
4316, 2278, 2279
4317, 2279, 2280
4318, 2280, 2270
4319, 2279, 1998
4320, 2280, 1999
4321, 2001, 2271
4322, 2002, 2281
4323, 2001, 2002
4324, 2003, 2282
4325, 2002, 2003
4326, 2004, 2283
4327, 2003, 2004
4328, 2005, 2284
4329, 2004, 2005
4330, 2006, 2285
4331, 2005, 2006
4333, 2285, 2007
4335, 2287, 2288
4336, 2288, 2289
4337, 2289, 2290
4338, 2290, 2291
4339, 2291, 2292
4340, 2292, 2293
4341, 2293, 2025
4342, 2288, 2009
4343, 2289, 2010
4344, 2290, 2011
4345, 2291, 2012
4346, 2292, 2013
4347, 2293, 2014
4348, 2016, 2026
4349, 2017, 2294
4350, 2016, 2017
4351, 2018, 2295
4352, 2017, 2018
4354, 2077, 2019
4356, 2021, 2297
4357, 2298, 2021
4360, 2299, 2300
4361, 2300, 2293
4362, 2300, 2024
4363, 2026, 2294
4364, 2027, 2301
4365, 2026, 2027
4366, 2028, 2302
4367, 2027, 2028
4368, 2029, 2303
4369, 2028, 2029
4370, 2030, 2304
4371, 2029, 2030
4373, 2304, 2031
4375, 2306, 2307
4376, 2307, 2308
4377, 2308, 2309
4378, 2309, 2310
4379, 2310, 2311
4380, 2311, 2045
4381, 2307, 2033
4382, 2308, 2034
4383, 2309, 2035
4384, 2310, 2036
4385, 2311, 2037
4386, 2039, 2046
4387, 2040, 2312
4388, 2039, 2040
4390, 2076, 2041
4394, 2315, 2311
4395, 2046, 2312
4396, 2047, 2316
4397, 2046, 2047
4398, 2048, 2317
4399, 2047, 2048
4400, 2049, 2318
4401, 2048, 2049
4403, 2318, 2050
4410, 2321, 2052
4411, 2322, 2053
4412, 2323, 2054
4413, 2324, 2055
4414, 2057, 2061
4416, 2075, 2058
4417, 2061, 2075
4418, 2062, 2326
4419, 2061, 2062
4420, 2063, 2327
4421, 2062, 2063
4423, 2327, 2064
4425, 2071, 2070
4426, 2072, 2329
4427, 2071, 2072
4429, 2075, 2326
4430, 2076, 2330
4431, 2312, 2076
4432, 2077, 2331
4433, 2295, 2077
4434, 2078, 2332
4435, 2273, 2078
4436, 2079, 2333
4437, 2246, 2079
4438, 2334, 2080
4439, 1842, 2334
4461, 2337, 2338
4462, 2338, 2339
4463, 2339, 2340
4464, 2340, 2341
4465, 2341, 2342
4466, 2342, 2343
4467, 2343, 2344
4468, 2344, 2345
4469, 2345, 2346
4470, 2346, 2347
4471, 2347, 2348
4472, 2348, 2349
4473, 2349, 2350
4474, 2350, 2351
4475, 2351, 2352
4476, 2352, 2353
4478, 2355, 2354
4479, 2356, 2355
4480, 2357, 2356
4481, 2358, 2357
4482, 2359, 2358
4483, 2360, 2359
4484, 2361, 2360
4485, 2362, 2361
4486, 2363, 2362
4487, 2364, 2363
4489, 2365, 2366
4490, 2366, 2367
4491, 2367, 2368
4492, 2368, 2369
4493, 2369, 2370
4494, 2370, 2347
4495, 2347, 2371
4496, 2371, 2372
4497, 2372, 2373
4498, 2373, 2374
4499, 2374, 2375
4500, 2375, 2376
4501, 2376, 2377
4502, 2377, 2378
4504, 2380, 2379
4505, 2381, 2380
4506, 2382, 2381
4507, 2383, 2382
4508, 2384, 2383
4509, 2385, 2384
4510, 2386, 2385
4511, 2387, 2386
4512, 2388, 2387
4513, 2389, 2388
4514, 2390, 2389
4515, 2391, 2390
4516, 2392, 2391
4517, 2393, 2392
4518, 2339, 2393
4519, 2081, 2394
4537, 2410, 2411
4538, 2411, 2412
4539, 2412, 2413
4540, 2413, 2414
4541, 2414, 2415
4542, 2415, 2416
4543, 2416, 2417
4544, 2417, 2418
4545, 2418, 2419
4546, 2419, 2115
4547, 2115, 2420
4548, 2420, 2421
4549, 2421, 2422
4550, 2422, 2423
4551, 2423, 2100
4552, 2411, 2083
4553, 2412, 2084
4554, 2413, 2085
4555, 2414, 2086
4556, 2415, 2087
4557, 2416, 2088
4558, 2417, 2089
4559, 2418, 2090
4560, 2419, 2091
4561, 2420, 2093
4562, 2421, 2094
4563, 2422, 2095
4564, 2423, 2096
4565, 2100, 2097
4568, 2101, 2424
4569, 2425, 2101
4570, 2103, 2425
4571, 2426, 2103
4572, 2105, 2426
4573, 2427, 2105
4574, 2107, 2427
4575, 2428, 2107
4577, 2102, 2423
4578, 2429, 2102
4579, 2104, 2429
4580, 2430, 2104
4581, 2106, 2430
4582, 2431, 2106
4583, 2108, 2431
4584, 2111, 2108
4586, 2432, 2433
4587, 2433, 2434
4588, 2434, 2435
4589, 2435, 2436
4590, 2436, 2419
4591, 2433, 2111
4592, 2434, 2112
4593, 2435, 2113
4594, 2436, 2114
4595, 2437, 2116
4596, 2091, 2437
4597, 2438, 2117
4598, 2437, 2438
4599, 2439, 2437
4600, 2090, 2439
4601, 2440, 2118
4602, 2438, 2440
4603, 2441, 2438
4604, 2439, 2441
4605, 2442, 2439
4606, 2089, 2442
4607, 2443, 2119
4608, 2440, 2443
4609, 2444, 2440
4610, 2441, 2444
4611, 2445, 2441
4612, 2442, 2445
4613, 2446, 2442
4614, 2088, 2446
4615, 2447, 2120
4616, 2443, 2447
4617, 2448, 2443
4618, 2444, 2448
4619, 2449, 2444
4620, 2445, 2449
4621, 2450, 2445
4622, 2446, 2450
4623, 2451, 2446
4624, 2087, 2451
4625, 2452, 2121
4626, 2447, 2452
4627, 2453, 2447
4628, 2448, 2453
4629, 2454, 2448
4630, 2449, 2454
4631, 2455, 2449
4632, 2450, 2455
4633, 2456, 2450
4634, 2451, 2456
4635, 2457, 2451
4636, 2086, 2457
4637, 2125, 2122
4638, 2452, 2125
4639, 2127, 2452
4640, 2453, 2127
4641, 2129, 2453
4642, 2454, 2129
4643, 2131, 2454
4644, 2455, 2131
4645, 2133, 2455
4646, 2456, 2133
4647, 2135, 2456
4648, 2457, 2135
4649, 2137, 2457
4650, 2085, 2137
4652, 2126, 2409
4653, 2459, 2126
4654, 2128, 2459
4655, 2460, 2128
4656, 2130, 2460
4657, 2461, 2130
4658, 2132, 2461
4659, 2462, 2132
4660, 2134, 2462
4661, 2463, 2134
4662, 2136, 2463
4663, 2464, 2136
4664, 2138, 2464
4665, 2394, 2138
4666, 2083, 2394
4667, 2140, 2465
4668, 2141, 2466
4669, 2142, 2467
4670, 2143, 2468
4671, 2144, 2469
4672, 2145, 2470
4673, 2470, 2147
4674, 2471, 2148
4675, 2470, 2471
4676, 2469, 2470
4677, 2472, 2149
4678, 2471, 2472
4679, 2473, 2471
4680, 2469, 2473
4681, 2468, 2469
4682, 2474, 2150
4683, 2472, 2474
4684, 2475, 2472
4685, 2473, 2475
4686, 2476, 2473
4687, 2468, 2476
4688, 2467, 2468
4689, 2477, 2151
4690, 2474, 2477
4691, 2478, 2474
4692, 2475, 2478
4693, 2479, 2475
4694, 2476, 2479
4695, 2480, 2476
4696, 2467, 2480
4697, 2466, 2467
4698, 2481, 2152
4699, 2477, 2481
4700, 2482, 2477
4701, 2478, 2482
4702, 2483, 2478
4703, 2479, 2483
4704, 2484, 2479
4705, 2480, 2484
4706, 2485, 2480
4707, 2466, 2485
4708, 2465, 2466
4709, 2204, 2153
4710, 2481, 2204
4711, 2205, 2481
4712, 2482, 2205
4713, 2206, 2482
4714, 2483, 2206
4715, 2207, 2483
4716, 2484, 2207
4717, 2208, 2484
4718, 2485, 2208
4719, 2209, 2485
4720, 2465, 2209
4721, 2139, 2465
4723, 2486, 2487
4724, 2487, 2488
4725, 2488, 2489
4726, 2489, 2490
4727, 2490, 2491
4728, 2491, 2492
4729, 2492, 2493
4730, 2493, 2494
4731, 2494, 2181
4732, 2487, 2156
4733, 2488, 2157
4734, 2489, 2158
4735, 2490, 2159
4736, 2491, 2160
4737, 2492, 2161
4738, 2493, 2162
4739, 2494, 2163
4740, 2495, 2165
4741, 1859, 2495
4742, 2496, 2166
4743, 2495, 2496
4744, 2497, 2495
4745, 1858, 2497
4746, 2174, 2167
4747, 2496, 2174
4748, 2175, 2496
4749, 2497, 2175
4750, 2176, 2497
4751, 1857, 2176
4752, 1838, 2498
4753, 1839, 2499
4754, 1840, 2500
4755, 1841, 2501
4758, 2170, 2503
4759, 2504, 2170
4760, 2171, 2504
4761, 2505, 2171
4762, 2172, 2505
4763, 2506, 2172
4766, 2507, 2508
4767, 2508, 2509
4768, 2509, 2510
4769, 2510, 2494
4770, 2508, 2178
4771, 2509, 2179
4772, 2510, 2180
4773, 1861, 2498
4774, 1862, 2511
4775, 1863, 2512
4776, 1864, 2513
4777, 1865, 2514
4778, 1866, 2515
4779, 1867, 2516
4781, 2516, 2203
4783, 2518, 2519
4784, 2519, 2520
4785, 2520, 2521
4786, 2521, 2522
4787, 2522, 2523
4788, 2523, 2524
4789, 2524, 2525
4790, 2525, 2255
4791, 2519, 2232
4792, 2520, 2233
4793, 2521, 2234
4794, 2522, 2235
4795, 2523, 2236
4796, 2524, 2237
4797, 2525, 2238
4798, 2243, 2256
4799, 2244, 2526
4800, 2243, 2244
4801, 2245, 2527
4802, 2244, 2245
4803, 2246, 2528
4804, 2245, 2246
4806, 2333, 2247
4808, 2249, 2530
4809, 2531, 2249
4810, 2250, 2531
4811, 2532, 2250
4814, 2533, 2534
4815, 2534, 2535
4816, 2535, 2525
4817, 2534, 2253
4818, 2535, 2254
4819, 2256, 2526
4820, 2257, 2536
4821, 2256, 2257
4822, 2258, 2537
4823, 2257, 2258
4824, 2259, 2538
4825, 2258, 2259
4826, 2260, 2539
4827, 2259, 2260
4828, 2261, 2540
4829, 2260, 2261
4831, 2540, 2262
4833, 2542, 2543
4834, 2543, 2544
4835, 2544, 2545
4836, 2545, 2546
4837, 2546, 2547
4838, 2547, 2548
4839, 2548, 2280
4840, 2543, 2264
4841, 2544, 2265
4842, 2545, 2266
4843, 2546, 2267
4844, 2547, 2268
4845, 2548, 2269
4846, 2271, 2281
4847, 2272, 2549
4848, 2271, 2272
4849, 2273, 2550
4850, 2272, 2273
4852, 2332, 2274
4854, 2276, 2552
4855, 2553, 2276
4858, 2554, 2555
4859, 2555, 2548
4860, 2555, 2279
4861, 2281, 2549
4862, 2282, 2556
4863, 2281, 2282
4864, 2283, 2557
4865, 2282, 2283
4866, 2284, 2558
4867, 2283, 2284
4868, 2285, 2559
4869, 2284, 2285
4871, 2559, 2286
4873, 2561, 2562
4874, 2562, 2563
4875, 2563, 2564
4876, 2564, 2565
4877, 2565, 2566
4878, 2566, 2300
4879, 2562, 2288
4880, 2563, 2289
4881, 2564, 2290
4882, 2565, 2291
4883, 2566, 2292
4884, 2294, 2301
4885, 2295, 2567
4886, 2294, 2295
4888, 2331, 2296
4892, 2570, 2566
4893, 2301, 2567
4894, 2302, 2571
4895, 2301, 2302
4896, 2303, 2572
4897, 2302, 2303
4898, 2304, 2573
4899, 2303, 2304
4901, 2573, 2305
4908, 2576, 2307
4909, 2577, 2308
4910, 2578, 2309
4911, 2579, 2310
4912, 2312, 2316
4914, 2330, 2313
4915, 2316, 2330
4916, 2317, 2581
4917, 2316, 2317
4918, 2318, 2582
4919, 2317, 2318
4921, 2582, 2319
4923, 2326, 2325
4924, 2327, 2584
4925, 2326, 2327
4927, 2330, 2581
4928, 2331, 2585
4929, 2567, 2331
4930, 2332, 2586
4931, 2550, 2332
4932, 2333, 2587
4933, 2528, 2333
4934, 2334, 2588
4935, 2501, 2334
4936, 2589, 2335
4937, 2097, 2589
4948, 2336, 2591
4966, 2607, 2608
4967, 2608, 2609
4968, 2609, 2610
4969, 2610, 2611
4970, 2611, 2612
4971, 2612, 2613
4972, 2613, 2614
4973, 2614, 2615
4974, 2615, 2616
4975, 2616, 2370
4976, 2370, 2617
4977, 2617, 2618
4978, 2618, 2619
4979, 2619, 2620
4980, 2620, 2355
4981, 2608, 2338
4982, 2609, 2339
4983, 2610, 2340
4984, 2611, 2341
4985, 2612, 2342
4986, 2613, 2343
4987, 2614, 2344
4988, 2615, 2345
4989, 2616, 2346
4990, 2617, 2348
4991, 2618, 2349
4992, 2619, 2350
4993, 2620, 2351
4994, 2355, 2352
4997, 2356, 2621
4998, 2622, 2356
4999, 2358, 2622
5000, 2623, 2358
5001, 2360, 2623
5002, 2624, 2360
5003, 2362, 2624
5004, 2625, 2362
5006, 2357, 2620
5007, 2626, 2357
5008, 2359, 2626
5009, 2627, 2359
5010, 2361, 2627
5011, 2628, 2361
5012, 2363, 2628
5013, 2366, 2363
5015, 2629, 2630
5016, 2630, 2631
5017, 2631, 2632
5018, 2632, 2633
5019, 2633, 2616
5020, 2630, 2366
5021, 2631, 2367
5022, 2632, 2368
5023, 2633, 2369
5024, 2634, 2371
5025, 2346, 2634
5026, 2635, 2372
5027, 2634, 2635
5028, 2636, 2634
5029, 2345, 2636
5030, 2637, 2373
5031, 2635, 2637
5032, 2638, 2635
5033, 2636, 2638
5034, 2639, 2636
5035, 2344, 2639
5036, 2640, 2374
5037, 2637, 2640
5038, 2641, 2637
5039, 2638, 2641
5040, 2642, 2638
5041, 2639, 2642
5042, 2643, 2639
5043, 2343, 2643
5044, 2644, 2375
5045, 2640, 2644
5046, 2645, 2640
5047, 2641, 2645
5048, 2646, 2641
5049, 2642, 2646
5050, 2647, 2642
5051, 2643, 2647
5052, 2648, 2643
5053, 2342, 2648
5054, 2649, 2376
5055, 2644, 2649
5056, 2650, 2644
5057, 2645, 2650
5058, 2651, 2645
5059, 2646, 2651
5060, 2652, 2646
5061, 2647, 2652
5062, 2653, 2647
5063, 2648, 2653
5064, 2654, 2648
5065, 2341, 2654
5066, 2380, 2377
5067, 2649, 2380
5068, 2382, 2649
5069, 2650, 2382
5070, 2384, 2650
5071, 2651, 2384
5072, 2386, 2651
5073, 2652, 2386
5074, 2388, 2652
5075, 2653, 2388
5076, 2390, 2653
5077, 2654, 2390
5078, 2392, 2654
5079, 2340, 2392
5081, 2381, 2606
5082, 2656, 2381
5083, 2383, 2656
5084, 2657, 2383
5085, 2385, 2657
5086, 2658, 2385
5087, 2387, 2658
5088, 2659, 2387
5089, 2389, 2659
5090, 2660, 2389
5091, 2391, 2660
5092, 2661, 2391
5093, 2393, 2661
5094, 2591, 2393
5095, 2338, 2591
5096, 2395, 2662
5097, 2396, 2663
5098, 2397, 2664
5099, 2398, 2665
5100, 2399, 2666
5101, 2400, 2667
5102, 2667, 2402
5103, 2668, 2403
5104, 2667, 2668
5105, 2666, 2667
5106, 2669, 2404
5107, 2668, 2669
5108, 2670, 2668
5109, 2666, 2670
5110, 2665, 2666
5111, 2671, 2405
5112, 2669, 2671
5113, 2672, 2669
5114, 2670, 2672
5115, 2673, 2670
5116, 2665, 2673
5117, 2664, 2665
5118, 2674, 2406
5119, 2671, 2674
5120, 2675, 2671
5121, 2672, 2675
5122, 2676, 2672
5123, 2673, 2676
5124, 2677, 2673
5125, 2664, 2677
5126, 2663, 2664
5127, 2678, 2407
5128, 2674, 2678
5129, 2679, 2674
5130, 2675, 2679
5131, 2680, 2675
5132, 2676, 2680
5133, 2681, 2676
5134, 2677, 2681
5135, 2682, 2677
5136, 2663, 2682
5137, 2662, 2663
5138, 2459, 2408
5139, 2678, 2459
5140, 2460, 2678
5141, 2679, 2460
5142, 2461, 2679
5143, 2680, 2461
5144, 2462, 2680
5145, 2681, 2462
5146, 2463, 2681
5147, 2682, 2463
5148, 2464, 2682
5149, 2662, 2464
5150, 2394, 2662
5152, 2683, 2684
5153, 2684, 2685
5154, 2685, 2686
5155, 2686, 2687
5156, 2687, 2688
5157, 2688, 2689
5158, 2689, 2690
5159, 2690, 2691
5160, 2691, 2436
5161, 2684, 2411
5162, 2685, 2412
5163, 2686, 2413
5164, 2687, 2414
5165, 2688, 2415
5166, 2689, 2416
5167, 2690, 2417
5168, 2691, 2418
5169, 2692, 2420
5170, 2114, 2692
5171, 2693, 2421
5172, 2692, 2693
5173, 2694, 2692
5174, 2113, 2694
5175, 2429, 2422
5176, 2693, 2429
5177, 2430, 2693
5178, 2694, 2430
5179, 2431, 2694
5180, 2112, 2431
5181, 2093, 2695
5182, 2094, 2696
5183, 2095, 2697
5184, 2096, 2698
5187, 2425, 2700
5188, 2701, 2425
5189, 2426, 2701
5190, 2702, 2426
5191, 2427, 2702
5192, 2703, 2427
5195, 2704, 2705
5196, 2705, 2706
5197, 2706, 2707
5198, 2707, 2691
5199, 2705, 2433
5200, 2706, 2434
5201, 2707, 2435
5202, 2116, 2695
5203, 2117, 2708
5204, 2118, 2709
5205, 2119, 2710
5206, 2120, 2711
5207, 2121, 2712
5208, 2122, 2713
5210, 2713, 2458
5212, 2715, 2716
5213, 2716, 2717
5214, 2717, 2718
5215, 2718, 2719
5216, 2719, 2720
5217, 2720, 2721
5218, 2721, 2722
5219, 2722, 2510
5220, 2716, 2487
5221, 2717, 2488
5222, 2718, 2489
5223, 2719, 2490
5224, 2720, 2491
5225, 2721, 2492
5226, 2722, 2493
5227, 2498, 2511
5228, 2499, 2723
5229, 2498, 2499
5230, 2500, 2724
5231, 2499, 2500
5232, 2501, 2725
5233, 2500, 2501
5235, 2588, 2502
5237, 2504, 2727
5238, 2728, 2504
5239, 2505, 2728
5240, 2729, 2505
5243, 2730, 2731
5244, 2731, 2732
5245, 2732, 2722
5246, 2731, 2508
5247, 2732, 2509
5248, 2511, 2723
5249, 2512, 2733
5250, 2511, 2512
5251, 2513, 2734
5252, 2512, 2513
5253, 2514, 2735
5254, 2513, 2514
5255, 2515, 2736
5256, 2514, 2515
5257, 2516, 2737
5258, 2515, 2516
5260, 2737, 2517
5262, 2739, 2740
5263, 2740, 2741
5264, 2741, 2742
5265, 2742, 2743
5266, 2743, 2744
5267, 2744, 2745
5268, 2745, 2535
5269, 2740, 2519
5270, 2741, 2520
5271, 2742, 2521
5272, 2743, 2522
5273, 2744, 2523
5274, 2745, 2524
5275, 2526, 2536
5276, 2527, 2746
5277, 2526, 2527
5278, 2528, 2747
5279, 2527, 2528
5281, 2587, 2529
5283, 2531, 2749
5284, 2750, 2531
5287, 2751, 2752
5288, 2752, 2745
5289, 2752, 2534
5290, 2536, 2746
5291, 2537, 2753
5292, 2536, 2537
5293, 2538, 2754
5294, 2537, 2538
5295, 2539, 2755
5296, 2538, 2539
5297, 2540, 2756
5298, 2539, 2540
5300, 2756, 2541
5302, 2758, 2759
5303, 2759, 2760
5304, 2760, 2761
5305, 2761, 2762
5306, 2762, 2763
5307, 2763, 2555
5308, 2759, 2543
5309, 2760, 2544
5310, 2761, 2545
5311, 2762, 2546
5312, 2763, 2547
5313, 2549, 2556
5314, 2550, 2764
5315, 2549, 2550
5317, 2586, 2551
5321, 2767, 2763
5322, 2556, 2764
5323, 2557, 2768
5324, 2556, 2557
5325, 2558, 2769
5326, 2557, 2558
5327, 2559, 2770
5328, 2558, 2559
5330, 2770, 2560
5337, 2773, 2562
5338, 2774, 2563
5339, 2775, 2564
5340, 2776, 2565
5341, 2567, 2571
5343, 2585, 2568
5344, 2571, 2585
5345, 2572, 2778
5346, 2571, 2572
5347, 2573, 2779
5348, 2572, 2573
5350, 2779, 2574
5352, 2581, 2580
5353, 2582, 2781
5354, 2581, 2582
5356, 2585, 2778
5357, 2586, 2782
5358, 2764, 2586
5359, 2587, 2783
5360, 2747, 2587
5361, 2588, 2784
5362, 2725, 2588
5363, 2589, 2785
5364, 2698, 2589
5365, 2786, 2590
5366, 2352, 2786
5367, 2592, 2787
5368, 2593, 2788
5369, 2594, 2789
5370, 2595, 2790
5371, 2596, 2791
5372, 2597, 2792
5373, 2792, 2599
5374, 2793, 2600
5375, 2792, 2793
5376, 2791, 2792
5377, 2794, 2601
5378, 2793, 2794
5379, 2795, 2793
5380, 2791, 2795
5381, 2790, 2791
5382, 2796, 2602
5383, 2794, 2796
5384, 2797, 2794
5385, 2795, 2797
5386, 2798, 2795
5387, 2790, 2798
5388, 2789, 2790
5389, 2799, 2603
5390, 2796, 2799
5391, 2800, 2796
5392, 2797, 2800
5393, 2801, 2797
5394, 2798, 2801
5395, 2802, 2798
5396, 2789, 2802
5397, 2788, 2789
5398, 2803, 2604
5399, 2799, 2803
5400, 2804, 2799
5401, 2800, 2804
5402, 2805, 2800
5403, 2801, 2805
5404, 2806, 2801
5405, 2802, 2806
5406, 2807, 2802
5407, 2788, 2807
5408, 2787, 2788
5409, 2656, 2605
5410, 2803, 2656
5411, 2657, 2803
5412, 2804, 2657
5413, 2658, 2804
5414, 2805, 2658
5415, 2659, 2805
5416, 2806, 2659
5417, 2660, 2806
5418, 2807, 2660
5419, 2661, 2807
5420, 2787, 2661
5421, 2591, 2787
5423, 2808, 2809
5424, 2809, 2810
5425, 2810, 2811
5426, 2811, 2812
5427, 2812, 2813
5428, 2813, 2814
5429, 2814, 2815
5430, 2815, 2816
5431, 2816, 2633
5432, 2809, 2608
5433, 2810, 2609
5434, 2811, 2610
5435, 2812, 2611
5436, 2813, 2612
5437, 2814, 2613
5438, 2815, 2614
5439, 2816, 2615
5440, 2817, 2617
5441, 2369, 2817
5442, 2818, 2618
5443, 2817, 2818
5444, 2819, 2817
5445, 2368, 2819
5446, 2626, 2619
5447, 2818, 2626
5448, 2627, 2818
5449, 2819, 2627
5450, 2628, 2819
5451, 2367, 2628
5452, 2348, 2820
5453, 2349, 2821
5454, 2350, 2822
5455, 2351, 2823
5458, 2622, 2825
5459, 2826, 2622
5460, 2623, 2826
5461, 2827, 2623
5462, 2624, 2827
5463, 2828, 2624
5466, 2829, 2830
5467, 2830, 2831
5468, 2831, 2832
5469, 2832, 2816
5470, 2830, 2630
5471, 2831, 2631
5472, 2832, 2632
5473, 2371, 2820
5474, 2372, 2833
5475, 2373, 2834
5476, 2374, 2835
5477, 2375, 2836
5478, 2376, 2837
5479, 2377, 2838
5481, 2838, 2655
5483, 2840, 2841
5484, 2841, 2842
5485, 2842, 2843
5486, 2843, 2844
5487, 2844, 2845
5488, 2845, 2846
5489, 2846, 2847
5490, 2847, 2707
5491, 2841, 2684
5492, 2842, 2685
5493, 2843, 2686
5494, 2844, 2687
5495, 2845, 2688
5496, 2846, 2689
5497, 2847, 2690
5498, 2695, 2708
5499, 2696, 2848
5500, 2695, 2696
5501, 2697, 2849
5502, 2696, 2697
5503, 2698, 2850
5504, 2697, 2698
5506, 2785, 2699
5508, 2701, 2852
5509, 2853, 2701
5510, 2702, 2853
5511, 2854, 2702
5514, 2855, 2856
5515, 2856, 2857
5516, 2857, 2847
5517, 2856, 2705
5518, 2857, 2706
5519, 2708, 2848
5520, 2709, 2858
5521, 2708, 2709
5522, 2710, 2859
5523, 2709, 2710
5524, 2711, 2860
5525, 2710, 2711
5526, 2712, 2861
5527, 2711, 2712
5528, 2713, 2862
5529, 2712, 2713
5531, 2862, 2714
5533, 2864, 2865
5534, 2865, 2866
5535, 2866, 2867
5536, 2867, 2868
5537, 2868, 2869
5538, 2869, 2870
5539, 2870, 2732
5540, 2865, 2716
5541, 2866, 2717
5542, 2867, 2718
5543, 2868, 2719
5544, 2869, 2720
5545, 2870, 2721
5546, 2723, 2733
5547, 2724, 2871
5548, 2723, 2724
5549, 2725, 2872
5550, 2724, 2725
5552, 2784, 2726
5554, 2728, 2874
5555, 2875, 2728
5558, 2876, 2877
5559, 2877, 2870
5560, 2877, 2731
5561, 2733, 2871
5562, 2734, 2878
5563, 2733, 2734
5564, 2735, 2879
5565, 2734, 2735
5566, 2736, 2880
5567, 2735, 2736
5568, 2737, 2881
5569, 2736, 2737
5571, 2881, 2738
5573, 2883, 2884
5574, 2884, 2885
5575, 2885, 2886
5576, 2886, 2887
5577, 2887, 2888
5578, 2888, 2752
5579, 2884, 2740
5580, 2885, 2741
5581, 2886, 2742
5582, 2887, 2743
5583, 2888, 2744
5584, 2746, 2753
5585, 2747, 2889
5586, 2746, 2747
5588, 2783, 2748
5592, 2892, 2888
5593, 2753, 2889
5594, 2754, 2893
5595, 2753, 2754
5596, 2755, 2894
5597, 2754, 2755
5598, 2756, 2895
5599, 2755, 2756
5601, 2895, 2757
5608, 2898, 2759
5609, 2899, 2760
5610, 2900, 2761
5611, 2901, 2762
5612, 2764, 2768
5614, 2782, 2765
5615, 2768, 2782
5616, 2769, 2903
5617, 2768, 2769
5618, 2770, 2904
5619, 2769, 2770
5621, 2904, 2771
5623, 2778, 2777
5624, 2779, 2906
5625, 2778, 2779
5627, 2782, 2903
5628, 2783, 2907
5629, 2889, 2783
5630, 2784, 2908
5631, 2872, 2784
5632, 2785, 2909
5633, 2850, 2785
5634, 2786, 2910
5635, 2823, 2786
5637, 2911, 2912
5638, 2912, 2913
5639, 2913, 2914
5640, 2914, 2915
5641, 2915, 2916
5642, 2916, 2917
5643, 2917, 2918
5644, 2918, 2832
5645, 2912, 2809
5646, 2913, 2810
5647, 2914, 2811
5648, 2915, 2812
5649, 2916, 2813
5650, 2917, 2814
5651, 2918, 2815
5652, 2820, 2833
5653, 2821, 2919
5654, 2820, 2821
5655, 2822, 2920
5656, 2821, 2822
5657, 2823, 2921
5658, 2822, 2823
5660, 2910, 2824
5662, 2826, 2923
5663, 2924, 2826
5664, 2827, 2924
5665, 2925, 2827
5668, 2926, 2927
5669, 2927, 2928
5670, 2928, 2918
5671, 2927, 2830
5672, 2928, 2831
5673, 2833, 2919
5674, 2834, 2929
5675, 2833, 2834
5676, 2835, 2930
5677, 2834, 2835
5678, 2836, 2931
5679, 2835, 2836
5680, 2837, 2932
5681, 2836, 2837
5682, 2838, 2933
5683, 2837, 2838
5685, 2933, 2839
5687, 2935, 2936
5688, 2936, 2937
5689, 2937, 2938
5690, 2938, 2939
5691, 2939, 2940
5692, 2940, 2941
5693, 2941, 2857
5694, 2936, 2841
5695, 2937, 2842
5696, 2938, 2843
5697, 2939, 2844
5698, 2940, 2845
5699, 2941, 2846
5700, 2848, 2858
5701, 2849, 2942
5702, 2848, 2849
5703, 2850, 2943
5704, 2849, 2850
5706, 2909, 2851
5708, 2853, 2945
5709, 2946, 2853
5712, 2947, 2948
5713, 2948, 2941
5714, 2948, 2856
5715, 2858, 2942
5716, 2859, 2949
5717, 2858, 2859
5718, 2860, 2950
5719, 2859, 2860
5720, 2861, 2951
5721, 2860, 2861
5722, 2862, 2952
5723, 2861, 2862
5725, 2952, 2863
5727, 2954, 2955
5728, 2955, 2956
5729, 2956, 2957
5730, 2957, 2958
5731, 2958, 2959
5732, 2959, 2877
5733, 2955, 2865
5734, 2956, 2866
5735, 2957, 2867
5736, 2958, 2868
5737, 2959, 2869
5738, 2871, 2878
5739, 2872, 2960
5740, 2871, 2872
5742, 2908, 2873
5746, 2963, 2959
5747, 2878, 2960
5748, 2879, 2964
5749, 2878, 2879
5750, 2880, 2965
5751, 2879, 2880
5752, 2881, 2966
5753, 2880, 2881
5755, 2966, 2882
5762, 2969, 2884
5763, 2970, 2885
5764, 2971, 2886
5765, 2972, 2887
5766, 2889, 2893
5768, 2907, 2890
5769, 2893, 2907
5770, 2894, 2974
5771, 2893, 2894
5772, 2895, 2975
5773, 2894, 2895
5775, 2975, 2896
5777, 2903, 2902
5778, 2904, 2977
5779, 2903, 2904
5781, 2907, 2974
5782, 2908, 2978
5783, 2960, 2908
5784, 2909, 2979
5785, 2943, 2909
5786, 2910, 2980
5787, 2921, 2910
5789, 2981, 2982
5790, 2982, 2983
5791, 2983, 2984
5792, 2984, 2985
5793, 2985, 2986
5794, 2986, 2987
5795, 2987, 2928
5796, 2982, 2912
5797, 2983, 2913
5798, 2984, 2914
5799, 2985, 2915
5800, 2986, 2916
5801, 2987, 2917
5802, 2919, 2929
5803, 2920, 2988
5804, 2919, 2920
5805, 2921, 2989
5806, 2920, 2921
5808, 2980, 2922
5810, 2924, 2991
5811, 2992, 2924
5814, 2993, 2994
5815, 2994, 2987
5816, 2994, 2927
5817, 2929, 2988
5818, 2930, 2995
5819, 2929, 2930
5820, 2931, 2996
5821, 2930, 2931
5822, 2932, 2997
5823, 2931, 2932
5824, 2933, 2998
5825, 2932, 2933
5827, 2998, 2934
5829, 3000, 3001
5830, 3001, 3002
5831, 3002, 3003
5832, 3003, 3004
5833, 3004, 3005
5834, 3005, 2948
5835, 3001, 2936
5836, 3002, 2937
5837, 3003, 2938
5838, 3004, 2939
5839, 3005, 2940
5840, 2942, 2949
5841, 2943, 3006
5842, 2942, 2943
5844, 2979, 2944
5848, 3009, 3005
5849, 2949, 3006
5850, 2950, 3010
5851, 2949, 2950
5852, 2951, 3011
5853, 2950, 2951
5854, 2952, 3012
5855, 2951, 2952
5857, 3012, 2953
5864, 3015, 2955
5865, 3016, 2956
5866, 3017, 2957
5867, 3018, 2958
5868, 2960, 2964
5870, 2978, 2961
5871, 2964, 2978
5872, 2965, 3020
5873, 2964, 2965
5874, 2966, 3021
5875, 2965, 2966
5877, 3021, 2967
5879, 2974, 2973
5880, 2975, 3023
5881, 2974, 2975
5883, 2978, 3020
5884, 2979, 3024
5885, 3006, 2979
5886, 2980, 3025
5887, 2989, 2980
5889, 3026, 3027
5890, 3027, 3028
5891, 3028, 3029
5892, 3029, 3030
5893, 3030, 3031
5894, 3031, 2994
5895, 3027, 2982
5896, 3028, 2983
5897, 3029, 2984
5898, 3030, 2985
5899, 3031, 2986
5900, 2988, 2995
5901, 2989, 3032
5902, 2988, 2989
5904, 3025, 2990
5908, 3035, 3031
5909, 2995, 3032
5910, 2996, 3036
5911, 2995, 2996
5912, 2997, 3037
5913, 2996, 2997
5914, 2998, 3038
5915, 2997, 2998
5917, 3038, 2999
5924, 3041, 3001
5925, 3042, 3002
5926, 3043, 3003
5927, 3044, 3004
5928, 3006, 3010
5930, 3024, 3007
5931, 3010, 3024
5932, 3011, 3046
5933, 3010, 3011
5934, 3012, 3047
5935, 3011, 3012
5937, 3047, 3013
5939, 3020, 3019
5940, 3021, 3049
5941, 3020, 3021
5943, 3024, 3046
5944, 3025, 3050
5945, 3032, 3025
5952, 3052, 3027
5953, 3053, 3028
5954, 3054, 3029
5955, 3055, 3030
5956, 3032, 3036
5958, 3050, 3033
5959, 3036, 3050
5960, 3037, 3057
5961, 3036, 3037
5962, 3038, 3058
5963, 3037, 3038
5965, 3058, 3039
5967, 3046, 3045
5968, 3047, 3060
5969, 3046, 3047
5971, 3050, 3057
5973, 3057, 3056
5974, 3058, 3061
5975, 3057, 3058