   11,   12,   21,   22,   23,   24,   25,   26,   27,   28,   29,   30,   31,   32,   33,   34
   35,   36,   37,   38,   39,   40,   41,   42,   43,   44,   45,   46,   47,   48,   49,  123
  124,  125,  126,  127,  128,  129,  130,  131,  132,  133,  134,  135,  136,  137,  138,  139
  140,  141,  142,  143,  144,  145,  146,  147,  148,  149,  150,  151,  152,  153,  154,  155
  156,  157,  158,  159,  160,  161,  162,  163,  164,  165,  166,  167,  168,  169,  170,  171
  172,  173,  174,  175,  176,  177,  178,  179,  180,  181,  182,  183,  184,  185,  186,  187
  188,  189,  190,  191,  192,  193,  194,  195,  196,  197,  198,  199,  200,  201,  202,  203
  204,  205,  206,  207,  208,  209,  210,  211,  212,  213,  214,  215,  216,  217,  218,  219
  220,  221,  222,  223,  238,  239,  240,  241,  242,  243,  244,  245,  246,  247,  248,  427
  428,  429,  430,  431,  432,  433,  434,  435,  436,  437,  438,  439,  440,  441,  442,  443
  444,  445,  446,  447,  452,  453,  454,  455,  456,  457,  458,  459,  460,  461,  462,  463
  464,  465,  466,  467,  468,  469,  470,  471,  472,  473,  474,  475,  476,  477,  478,  479
  480,  481,  482,  483,  484,  485,  486,  487,  488,  489,  490,  491,  492,  493,  494,  495
  496,  497,  498,  499,  500,  501,  502,  503,  504,  505,  506,  507,  508,  509,  510,  513
  514,  515,  516,  517,  518,  519,  520,  521,  522,  523,  524,  525,  526,  527,  528,  529
  530,  531,  532,  533,  534,  535,  536,  537,  538,  539,  540,  541,  542,  543,  544,  545
  546,  547,  548,  549,  550,  551,  552,  553,  554,  555,  556,  557,  558,  559,  560,  561
  562,  563,  564,  565,  566,  567,  568,  569,  570,  571,  572,  573,  574,  575,  576,  577
  578,  579,  580,  581,  582,  583,  584,  585,  586,  587,  588,  589,  590,  591,  592,  593
  594,  595,  596,  597,  598,  599,  600,  601,  602,  603,  604,  605,  606,  607,  608,  609
  610,  611,  612,  613,  614,  615,  616,  617,  618,  619,  620,  635,  636,  637,  638,  639
  640,  641,  642,  643,  780,  781,  786,  787,  788,  789,  794,  795,  796,  797,  798,  799
  804,  805,  806,  807,  808,  809,  810,  811,  816,  817,  818,  819,  820,  821,  822,  823
  824,  825,  830,  831,  832,  833,  834,  835,  836,  837,  838,  839,  840,  841,  846,  847
  848,  849,  850,  851,  852,  853,  854,  855,  856,  857,  858,  859,  864,  865,  866,  867
  868,  869,  870,  871,  872,  873,  874,  875,  876,  877,  878,  893,  894,  895,  896,  897
  898,  899,  900,  901,  902,  903,  904,  905,  906,  907,  908,  909,  910,  911,  912,  913
  914,  915,  916,  917,  918,  919,  920,  921,  922,  923,  924,  925,  926,  927,  928,  929
  930,  931,  932,  933,  934,  935,  936,  937,  938,  939,  940,  941,  942,  943,  944,  945
  946,  947,  948,  949,  950,  951,  952,  953,  954,  955,  956,  957,  958,  959,  973,  974
  975,  976,  977,  978,  979, 1044, 1045, 1046, 1047, 1048, 1049, 1050, 1051, 1052, 1053, 1054
 1055, 1056, 1057, 1058, 1059, 1060, 1061, 1062, 1063, 1064, 1065, 1066, 1067, 1068, 1069, 1070
 1071, 1072, 1073, 1074, 1075, 1076, 1077, 1078, 1079, 1080, 1081, 1082, 1083, 1084, 1085, 1086
 1087, 1088, 1089, 1090, 1091, 1092, 1093, 1094, 1095, 1096, 1097, 1098, 1099, 1111, 1112, 1113
 1114, 1115, 1166, 1167, 1168, 1169, 1170, 1171, 1172, 1173, 1174, 1175, 1176, 1177, 1178, 1179
 1180, 1181, 1182, 1183, 1184, 1185, 1186, 1187, 1188, 1189, 1190, 1191, 1192, 1193, 1194, 1195
 1196, 1197, 1198, 1199, 1200, 1201, 1202, 1203, 1204, 1205, 1206, 1207, 1217, 1218, 1219, 1256
 1257, 1258, 1259, 1260, 1261, 1262, 1263, 1264, 1265, 1266, 1267, 1268, 1269, 1270, 1271, 1272
 1273, 1274, 1275, 1276, 1277, 1278, 1279, 1280, 1281, 1282, 1283, 1291, 1314, 1315, 1316, 1317
 1318, 1319, 1320, 1321, 1322, 1323, 1324, 1325, 1326, 1327, 1328, 1337, 1338, 1339, 1340