  -3.4951223e+00   6.4761861e+00   2.9810638e+00   2.0474643e+07   9.9688361e+00   2.1234303e+01   3.0162812e+01   3.7271461e+03
  -3.7074390e+00   6.7064880e+00   2.9990490e+00   2.0971735e+07   9.7325450e+00   2.0192378e+01   2.9661563e+01   4.2724526e+03
  -3.7513914e+00   6.7092721e+00   2.9578807e+00   2.0852439e+07   9.7882250e+00   2.0825217e+01   2.9701575e+01   4.4788620e+03
  -3.2437076e+00   6.1863158e+00   2.9426082e+00   2.0802632e+07   9.8116605e+00   2.0006619e+01   2.9913414e+01   3.6761158e+03
  -3.5103296e+00   6.4453506e+00   2.9350210e+00   2.0832709e+07   9.7974950e+00   2.0046938e+01   2.9780080e+01   4.2056215e+03
  -3.4696180e+00   6.4085882e+00   2.9389702e+00   2.0609865e+07   9.9034302e+00   2.0852413e+01   3.0159282e+01   4.0429651e+03
  -3.8046934e+00   6.7171850e+00   2.9124915e+00   2.0453405e+07   9.9791875e+00   2.0867326e+01   3.0145469e+01   4.4993620e+03
  -3.1796085e+00   6.0848629e+00   2.9052544e+00   2.0568864e+07   9.9231713e+00   2.0317727e+01   3.0262615e+01   3.6432965e+03
  -3.4186498e+00   6.3847465e+00   2.9660967e+00   2.1009415e+07   9.7150901e+00   2.0322465e+01   2.9854847e+01   4.0901644e+03
  -3.5747986e+00   6.5602103e+00   2.9854118e+00   2.0744980e+07   9.8389280e+00   2.2418587e+01   3.0054652e+01   4.1190257e+03
  -3.7557064e+00   6.6903067e+00   2.9346003e+00   2.0815766e+07   9.8054694e+00   2.0336854e+01   2.9864983e+01   4.5583611e+03
  -3.9457216e+00   6.9015735e+00   2.9558519e+00   2.0663621e+07   9.8776664e+00   2.2486183e+01   2.9955930e+01   4.6716237e+03
  -3.2620302e+00   6.2394983e+00   2.9774681e+00   2.0829114e+07   9.7991860e+00   2.1612448e+01   3.0084752e+01   3.6617939e+03
  -3.8835323e+00   6.8810974e+00   2.9975651e+00   2.1193214e+07   9.6308358e+00   2.1727323e+01   2.9562658e+01   4.7320977e+03
  -3.3129226e+00   6.2398237e+00   2.9269011e+00   2.0733563e+07   9.8443454e+00   2.0875380e+01   3.0091310e+01   3.9293331e+03
  -3.6176633e+00   6.5400240e+00   2.9223606e+00   2.0796661e+07   9.8144775e+00   2.0923356e+01   2.9917984e+01   4.4569267e+03
  -3.3858779e+00   6.2579084e+00   2.8720305e+00   2.0623562e+07   9.8968531e+00   2.0163601e+01   3.0097369e+01   4.2101470e+03
  -3.9861211e+00   6.8829364e+00   2.8968154e+00   2.1017535e+07   9.7113366e+00   2.0268017e+01   2.9560131e+01   5.1147036e+03
  -3.1168989e+00   6.0036941e+00   2.8867952e+00   2.1387588e+07   9.5433090e+00   2.2054051e+01   2.9626084e+01   3.6730215e+03
  -3.0769860e+00   5.9856964e+00   2.9087104e+00   2.1707114e+07   9.4028325e+00   2.1511324e+01   2.9396112e+01   3.7069460e+03
  -3.1837622e+00   5.9856964e+00   2.8019342e+00   2.0910266e+07   9.7611558e+00   2.1511324e+01   2.9912004e+01   3.9190885e+03
  -3.0338551e+00   5.9742368e+00   2.9403817e+00   2.2125040e+07   9.2252200e+00   2.0946054e+01   2.9104135e+01   3.7423454e+03
  -3.1409085e+00   5.9742368e+00   2.8333283e+00   2.1319511e+07   9.5737824e+00   2.0946054e+01   2.9610166e+01   3.9603879e+03
  -3.2712628e+00   6.2252839e+00   2.9540212e+00   2.2253607e+07   9.1719227e+00   2.0958271e+01   2.8931960e+01   4.2025142e+03
  -3.4241147e+00   6.2252839e+00   2.8011692e+00   2.1102123e+07   9.6724089e+00   2.0958271e+01   2.9655302e+01   4.4245706e+03
  -2.9872888e+00   5.7281738e+00   2.7408850e+00   2.0806404e+07   9.8098815e+00   2.0366307e+01   2.9998314e+01   3.7684370e+03
  -2.9882260e+00   5.9726756e+00   2.9844496e+00   2.2663957e+07   9.0058571e+00   2.0370182e+01   2.8741092e+01   3.7792199e+03
  -3.0895656e+00   5.9468187e+00   2.8572531e+00   2.1362005e+07   9.5547379e+00   2.2342860e+01   2.9621670e+01   3.7896109e+03
  -3.0954126e+00   5.9726756e+00   2.8772630e+00   2.1849980e+07   9.3413521e+00   2.0370182e+01   2.9233274e+01   4.0031623e+03
  -3.2096056e+00   5.9468187e+00   2.7372131e+00   2.0464537e+07   9.9737592e+00   2.2342860e+01   3.0219927e+01   4.0227884e+03
  -3.2242084e+00   5.9726756e+00   2.7484672e+00   2.0871903e+07   9.7790967e+00   2.0370182e+01   2.9863333e+01   4.2271047e+03
  -3.2264821e+00   6.2214306e+00   2.9949485e+00   2.2769982e+07   8.9639229e+00   2.0381955e+01   2.8586916e+01   4.2511884e+03
  -3.3447248e+00   6.2219364e+00   2.8772116e+00   2.1616876e+07   9.4420839e+00   2.2397662e+01   2.9337881e+01   4.3294980e+03
  -3.3800549e+00   6.2214306e+00   2.8413758e+00   2.1602399e+07   9.4484116e+00   2.0381955e+01   2.9294152e+01   4.4791448e+03
  -3.5636043e+00   6.4780584e+00   2.9144540e+00   2.2201759e+07   9.1933419e+00   2.0402071e+01   2.8824371e+01   4.7506320e+03
  -3.7792370e+00   6.7467578e+00   2.9675208e+00   2.2670888e+07   9.0031037e+00   2.0431326e+01   2.8439472e+01   5.0473945e+03
  -3.0355022e+00   5.9592231e+00   2.9237209e+00   2.2084621e+07   9.2421038e+00   2.1556510e+01   2.9116995e+01   3.8279603e+03
  -3.1547754e+00   5.9592231e+00   2.8044477e+00   2.1183679e+07   9.6351706e+00   2.1556510e+01   2.9686467e+01   4.0670378e+03
  -3.2912922e+00   6.2314830e+00   2.9401908e+00   2.2316995e+07   9.1458713e+00   2.1608844e+01   2.8858227e+01   4.3796472e+03
  -3.4665702e+00   6.2314830e+00   2.7649129e+00   2.0986579e+07   9.7256616e+00   2.1608844e+01   2.9695032e+01   4.6309800e+03
  -2.9926264e+00   5.7469065e+00   2.7542801e+00   2.0960030e+07   9.7379803e+00   2.0757386e+01   2.9877596e+01   3.8282338e+03
  -3.0993522e+00   5.9892518e+00   2.8898995e+00   2.2074519e+07   9.2463332e+00   2.0796250e+01   2.9063055e+01   4.1127621e+03
  -3.2425523e+00   5.9892518e+00   2.7466995e+00   2.0980684e+07   9.7283938e+00   2.0796250e+01   2.9758868e+01   4.3577395e+03
  -3.4118692e+00   6.2583562e+00   2.8464869e+00   2.1847437e+07   9.3424396e+00   2.0846177e+01   2.9085932e+01   4.6885042e+03
  -2.9362135e+00   5.8017012e+00   2.8654877e+00   2.2071734e+07   9.2474998e+00   2.0031311e+01   2.9094759e+01   3.8695331e+03
  -3.0504972e+00   5.8017012e+00   2.7512040e+00   2.1191452e+07   9.6316365e+00   2.0031311e+01   2.9651484e+01   4.1105227e+03
  -3.0436995e+00   6.0409408e+00   2.9972413e+00   2.3172070e+07   8.8083783e+00   2.0068364e+01   2.8346279e+01   4.1599614e+03
  -3.1863255e+00   6.0409408e+00   2.8546153e+00   2.2069410e+07   9.2484738e+00   2.0068364e+01   2.8995137e+01   4.4108387e+03
  -3.3538243e+00   6.0409408e+00   2.6871166e+00   2.0774455e+07   9.8249683e+00   2.0068364e+01   2.9823864e+01   4.6617159e+03
  -3.3567650e+00   6.3065920e+00   2.9498270e+00   2.2913824e+07   8.9076516e+00   2.0115967e+01   2.8381024e+01   4.7475033e+03
  -3.5572115e+00   6.3065920e+00   2.7493805e+00   2.1356785e+07   9.5570732e+00   2.0115967e+01   2.9325050e+01   5.0106359e+03
  -3.2582475e+00   6.2282307e+00   2.9699832e+00   2.1186521e+07   9.6338779e+00   2.1918301e+01   2.9710777e+01   3.7544865e+03
  -3.7178200e+00   6.6678943e+00   2.9500743e+00   2.1369327e+07   9.5514641e+00   2.0251618e+01   2.9363574e+01   4.5798035e+03
  -3.1943524e+00   6.0678662e+00   2.8735138e+00   2.0707596e+07   9.8566905e+00   2.0972885e+01   3.0039549e+01   3.7610797e+03
  -3.3086682e+00   6.2804685e+00   2.9718003e+00   2.1474747e+07   9.5045756e+00   2.1001688e+01   2.9447324e+01   4.0194126e+03
  -3.4554036e+00   6.2804685e+00   2.8250649e+00   2.0414412e+07   9.9982483e+00   2.1001688e+01   3.0148136e+01   4.2430394e+03
  -3.6321216e+00   6.5164688e+00   2.8843472e+00   2.0916349e+07   9.7583168e+00   2.1038712e+01   2.9707250e+01   4.5415382e+03
  -3.6465444e+00   6.6426775e+00   2.9961331e+00   2.0621121e+07   9.8980245e+00   2.0496304e+01   3.0174539e+01   4.3852723e+03
  -3.5315727e+00   6.5197242e+00   2.9881516e+00   2.1546708e+07   9.4728325e+00   2.1942256e+01   2.9505305e+01   4.3319034e+03
  -3.3298273e+00   6.2659153e+00   2.9360880e+00   2.1060828e+07   9.6913741e+00   2.3100272e+01   2.9935669e+01   4.0016090e+03
  -3.6280361e+00   6.5166532e+00   2.8886171e+00   2.1083812e+07   9.6808093e+00   2.1190003e+01   2.9749781e+01   4.5914995e+03
  -3.8279641e+00   6.7759128e+00   2.9479487e+00   2.1524021e+07   9.4828173e+00   2.1193524e+01   2.9370861e+01   4.8184967e+03
  -3.1445873e+00   6.0383170e+00   2.8937297e+00   2.0972279e+07   9.7322930e+00   2.2092654e+01   3.0029906e+01   3.7949003e+03
  -3.3902939e+00   6.2834296e+00   2.8931357e+00   2.1033466e+07   9.7039815e+00   2.2127129e+01   2.9885760e+01   4.2650602e+03
  -3.5590616e+00   6.5305799e+00   2.9715182e+00   2.1977245e+07   9.2872585e+00   2.0463419e+01   2.9118699e+01   4.6549235e+03
  -3.7500599e+00   6.5561160e+00   2.8060561e+00   2.0482164e+07   9.9651756e+00   2.2171435e+01   3.0138354e+01   4.7860820e+03
  -3.7446242e+00   6.5305799e+00   2.7859557e+00   2.0604831e+07   9.9058496e+00   2.0463419e+01   3.0004549e+01   4.8643704e+03
  -3.9691252e+00   6.7864344e+00   2.8173093e+00   2.0843557e+07   9.7923959e+00   2.0466775e+01   2.9748985e+01   5.0998730e+03
  -4.2241982e+00   7.0467682e+00   2.8225700e+00   2.0903285e+07   9.7644153e+00   2.0476970e+01   2.9609866e+01   5.3530660e+03
  -3.0736965e+00   5.8597233e+00   2.7860268e+00   2.0438453e+07   9.9864876e+00   2.1160764e+01   3.0402740e+01   3.8080370e+03
  -3.1785264e+00   6.0811778e+00   2.9026514e+00   2.1344205e+07   9.5627060e+00   2.1185686e+01   2.9704679e+01   4.0511499e+03
  -3.4731657e+00   6.3226411e+00   2.8494754e+00   2.1017687e+07   9.7112664e+00   2.1218271e+01   2.9816581e+01   4.5417862e+03
  -3.6698179e+00   6.5912750e+00   2.9214571e+00   2.1633765e+07   9.4347129e+00   2.1260148e+01   2.9304995e+01   4.8509810e+03
  -2.9796467e+00   5.7318635e+00   2.7522167e+00   2.1333256e+07   9.5676139e+00   2.2847638e+01   2.9686523e+01   3.9253845e+03
  -2.9680434e+00   5.9537269e+00   2.9856835e+00   2.3219064e+07   8.7905509e+00   2.2885190e+01   2.8448437e+01   3.9681685e+03
  -3.2475127e+00   6.1439305e+00   2.8964178e+00   2.2769921e+07   8.9639469e+00   2.1097497e+01   2.8593531e+01   4.5412547e+03
  -2.9217620e+00   5.5887801e+00   2.6670180e+00   2.0867062e+07   9.7813654e+00   2.1853332e+01   3.0004403e+01   3.9319777e+03
  -2.9142979e+00   5.7858486e+00   2.8715507e+00   2.2524228e+07   9.0617251e+00   2.1880976e+01   2.8873644e+01   3.9666839e+03
  -3.0283339e+00   5.7858486e+00   2.7575148e+00   2.1629738e+07   9.4364693e+00   2.1880976e+01   2.9423735e+01   4.1903106e+03
  -3.0225934e+00   6.0049257e+00   2.9823324e+00   2.3469242e+07   8.6968451e+00   2.1916515e+01   2.8238365e+01   4.2437907e+03
  -3.1644076e+00   5.7858486e+00   2.6214410e+00   2.0562386e+07   9.9262974e+00   2.1880976e+01   3.0127694e+01   4.4139374e+03
  -3.1640536e+00   6.0049257e+00   2.8408722e+00   2.2356031e+07   9.1299014e+00   2.1916515e+01   2.8882994e+01   4.4781134e+03
  -3.3507814e+00   6.1923698e+00   2.8415884e+00   2.2602088e+07   9.0305092e+00   2.0355609e+01   2.8624173e+01   4.8156006e+03
  -3.5310152e+00   6.1923698e+00   2.6613546e+00   2.1168502e+07   9.6420788e+00   2.0355609e+01   2.9512239e+01   5.0309473e+03
  -3.5449909e+00   6.4003709e+00   2.8553800e+00   2.2717848e+07   8.9844936e+00   2.0358325e+01   2.8482338e+01   5.0543975e+03
  -4.5082439e+00   7.5078871e+00   2.9996431e+00   2.0774950e+07   9.8247339e+00   2.0560572e+01   2.9828160e+01   5.5276573e+03
  -3.2446161e+00   6.1576690e+00   2.9130529e+00   2.0567650e+07   9.9237568e+00   2.4092826e+01   3.0512637e+01   3.7880905e+03
  -3.4814390e+00   6.4442155e+00   2.9627766e+00   2.0994177e+07   9.7221414e+00   2.4136237e+01   3.0101887e+01   4.2346507e+03
  -3.6073463e+00   6.5045394e+00   2.8971932e+00   2.0939603e+07   9.7474799e+00   2.1967853e+01   3.0025570e+01   4.6009144e+03
  -3.8016562e+00   6.7994565e+00   2.9978003e+00   2.1674928e+07   9.4167952e+00   2.1972001e+01   2.9440841e+01   4.8220117e+03
  -3.1574164e+00   6.1495156e+00   2.9920992e+00   2.1422698e+07   9.5276682e+00   2.3078788e+01   2.9880115e+01   3.8264399e+03
  -3.2675402e+00   6.1495156e+00   2.8819754e+00   2.0634239e+07   9.8917321e+00   2.3078788e+01   3.0405126e+01   4.0295903e+03
  -3.5522306e+00   6.4321333e+00   2.8799028e+00   2.0692741e+07   9.8637664e+00   2.3119797e+01   3.0245001e+01   4.4966269e+03
  -3.5326670e+00   6.4918736e+00   2.9592066e+00   2.1681483e+07   9.4139482e+00   2.1230406e+01   2.9487910e+01   4.6628635e+03
  -3.9311814e+00   6.7828022e+00   2.8516208e+00   2.0901009e+07   9.7654789e+00   2.1234360e+01   2.9886553e+01   5.0960132e+03
  -4.1789589e+00   7.0795350e+00   2.9005761e+00   2.1283883e+07   9.5898085e+00   2.1246370e+01   2.9522978e+01   5.3433062e+03
  -3.0813822e+00   5.9035122e+00   2.8221300e+00   2.0458945e+07   9.9764852e+00   2.2095670e+01   3.0559863e+01   3.8381016e+03
  -3.1802985e+00   6.1583252e+00   2.9780266e+00   2.1647040e+07   9.4289272e+00   2.2125293e+01   2.9664738e+01   4.0753146e+03
  -3.3106417e+00   6.1583252e+00   2.8476835e+00   2.0699586e+07   9.8605046e+00   2.2125293e+01   3.0288184e+01   4.2843649e+03
  -3.4635346e+00   6.4366826e+00   2.9731480e+00   2.1687293e+07   9.4114263e+00   2.2164017e+01   2.9523727e+01   4.5541510e+03
  -3.6374017e+00   6.4954592e+00   2.8580575e+00   2.1252387e+07   9.6040207e+00   2.0518667e+01   2.9696225e+01   4.9357344e+03
  -3.8642127e+00   6.7469154e+00   2.8827028e+00   2.1122064e+07   9.6632772e+00   2.2213772e+01   2.9755181e+01   5.0858688e+03
  -3.8555416e+00   6.7821170e+00   2.9265754e+00   2.1769871e+07   9.3757267e+00   2.0522433e+01   2.9261876e+01   5.1712370e+03
  -4.1034235e+00   7.0745007e+00   2.9710772e+00   2.2125546e+07   9.2250090e+00   2.0533870e+01   2.8934086e+01   5.4244300e+03
  -2.9964938e+00   5.9376198e+00   2.9411260e+00   2.1671860e+07   9.4181283e+00   2.1207587e+01   2.9667698e+01   3.8794010e+03
  -3.1002509e+00   5.9376198e+00   2.8373689e+00   2.0907320e+07   9.7625308e+00   2.1207587e+01   3.0167377e+01   4.0873105e+03
  -3.2239455e+00   6.1882356e+00   2.9642900e+00   2.1900206e+07   9.3199290e+00   2.1235561e+01   2.9422675e+01   4.3374641e+03
  -3.3749111e+00   6.1882356e+00   2.8133245e+00   2.0784870e+07   9.8200449e+00   2.1235561e+01   3.0146486e+01   4.5524143e+03
  -3.5564709e+00   6.4620187e+00   2.9055478e+00   2.1540212e+07   9.4756896e+00   2.1272129e+01   2.9536363e+01   4.8367769e+03
  -3.7762931e+00   6.7671784e+00   2.9908852e+00   2.2270919e+07   9.1647928e+00   2.1319115e+01   2.8955548e+01   5.1566677e+03
  -4.0123352e+00   6.7671784e+00   2.7548432e+00   2.0513288e+07   9.9500557e+00   2.1319115e+01   3.0083535e+01   5.3909905e+03
  -3.1247293e+00   6.0486389e+00   2.9239096e+00   2.2725520e+07   8.9814605e+00   2.2780700e+01   2.8855025e+01   4.3032764e+03
  -2.9599237e+00   5.8109668e+00   2.8510431e+00   2.2051914e+07   9.2558117e+00   2.3987510e+01   2.9367618e+01   3.9588021e+03
  -3.0709449e+00   5.8109668e+00   2.7400219e+00   2.1193200e+07   9.6308421e+00   2.3987510e+01   2.9916444e+01   4.1706290e+03
  -3.0623737e+00   6.0510741e+00   2.9887004e+00   2.3492740e+07   8.6881461e+00   2.1990094e+01   2.8364187e+01   4.3534256e+03
  -3.1975264e+00   6.0510741e+00   2.8535476e+00   2.2430369e+07   9.0996433e+00   2.1990094e+01   2.8980536e+01   4.5569726e+03
  -3.3515160e+00   6.0510741e+00   2.6995581e+00   2.1219931e+07   9.6187097e+00   2.1990094e+01   2.9739889e+01   4.7605195e+03
  -3.3618719e+00   6.2919603e+00   2.9300884e+00   2.3039129e+07   8.8592048e+00   2.1993487e+01   2.8536980e+01   4.7813641e+03
  -2.8987403e+00   5.6040707e+00   2.7053304e+00   2.1126146e+07   9.6614102e+00   2.2932639e+01   2.9992882e+01   3.9639203e+03
  -2.8885694e+00   5.8328621e+00   2.9442927e+00   2.3058872e+07   8.8516195e+00   2.2965854e+01   2.8702321e+01   3.9986265e+03
  -2.9979831e+00   5.8328621e+00   2.8348790e+00   2.2201974e+07   9.1932527e+00   2.2965854e+01   2.9212242e+01   4.2163533e+03
  -3.1290139e+00   5.8328621e+00   2.7038482e+00   2.1175778e+07   9.6387654e+00   2.2965854e+01   2.9864206e+01   4.4340802e+03
  -3.1247651e+00   6.0877378e+00   2.9629726e+00   2.3291519e+07   8.7632051e+00   2.3008544e+01   2.8464744e+01   4.4982562e+03
  -3.1349096e+00   6.0696952e+00   2.9347856e+00   2.3353722e+07   8.7398644e+00   2.1226121e+01   2.8383380e+01   4.6144967e+03
  -3.2837385e+00   6.0877378e+00   2.8039993e+00   2.2041852e+07   9.2600368e+00   2.3008544e+01   2.9204062e+01   4.7266791e+03
  -3.2890459e+00   6.0696952e+00   2.7806493e+00   2.2127174e+07   9.2243303e+00   2.1226121e+01   2.9104812e+01   4.8239435e+03
  -3.4622692e+00   6.0696952e+00   2.6074260e+00   2.0748739e+07   9.8371452e+00   2.1226121e+01   2.9992652e+01   5.0333904e+03
  -3.4757614e+00   6.3076393e+00   2.8318779e+00   2.2541698e+07   9.0547020e+00   2.1229357e+01   2.8769394e+01   5.0568406e+03
  -3.6718165e+00   6.3076393e+00   2.6358227e+00   2.0981103e+07   9.7281998e+00   2.1229357e+01   2.9748796e+01   5.2688930e+03
  -3.6893892e+00   6.5500660e+00   2.8606768e+00   2.2792026e+07   8.9552531e+00   2.1239185e+01   2.8533334e+01   5.3062935e+03
  -3.9099436e+00   6.5500660e+00   2.6401224e+00   2.1034791e+07   9.7033699e+00   2.1239185e+01   2.9621091e+01   5.5220860e+03
  -3.9340128e+00   6.8006199e+00   2.8666071e+00   2.2875415e+07   8.9226080e+00   2.1255982e+01   2.8390849e+01   5.5767880e+03
  -2.8339780e+00   5.4430463e+00   2.6090683e+00   2.0605506e+07   9.9055255e+00   2.1955781e+01   3.0353695e+01   3.9770570e+03
  -2.8277281e+00   5.6496981e+00   2.8219700e+00   2.2335721e+07   9.1382034e+00   2.1979802e+01   2.9149234e+01   4.0052197e+03
  -2.9324499e+00   5.6496981e+00   2.7172482e+00   2.1506853e+07   9.4903869e+00   2.1979802e+01   2.9667974e+01   4.2201699e+03
  -2.9271186e+00   5.8753082e+00   2.9481896e+00   2.3401479e+07   8.7220281e+00   2.2011211e+01   2.8434179e+01   4.2635526e+03
  -3.0579346e+00   5.6496981e+00   2.5917635e+00   2.0513650e+07   9.9498803e+00   2.1979802e+01   3.0331503e+01   4.4351201e+03
  -3.0568425e+00   5.8753082e+00   2.8184657e+00   2.2371785e+07   9.1234721e+00   2.2011211e+01   2.9035453e+01   4.4871794e+03
  -3.2083443e+00   5.8753082e+00   2.6669639e+00   2.1169229e+07   9.6417476e+00   2.2011211e+01   2.9793869e+01   4.7108062e+03
  -3.2120048e+00   6.1266420e+00   2.9146372e+00   2.3220097e+07   8.7901597e+00   2.2051582e+01   2.8434516e+01   4.7856782e+03
  -3.2267353e+00   6.1083697e+00   2.8816344e+00   2.3235811e+07   8.7842151e+00   2.0495093e+01   2.8380856e+01   4.8888426e+03
  -3.3926434e+00   6.1266420e+00   2.7339986e+00   2.1781000e+07   9.3709363e+00   2.2051582e+01   2.9294318e+01   5.0200010e+03
  -3.4002515e+00   6.1083697e+00   2.7081182e+00   2.1836678e+07   9.3470427e+00   2.0495093e+01   2.9214072e+01   5.1041893e+03
  -3.4134822e+00   6.3431793e+00   2.9296971e+00   2.3630468e+07   8.6375081e+00   2.0498176e+01   2.8077877e+01   5.1276395e+03
  -3.6099706e+00   6.3431793e+00   2.7332088e+00   2.2045624e+07   9.2584523e+00   2.0498176e+01   2.8999865e+01   5.3455919e+03
  -3.6274336e+00   6.5823948e+00   2.9549612e+00   2.3856028e+07   8.5558401e+00   2.0507541e+01   2.7868929e+01   5.3829924e+03
  -3.8485280e+00   6.5823948e+00   2.7338668e+00   2.2071086e+07   9.2477715e+00   2.0507541e+01   2.8895501e+01   5.6046847e+03
  -3.8725978e+00   6.8296182e+00   2.9570203e+00   2.3909932e+07   8.5365513e+00   2.0523547e+01   2.7749017e+01   5.6593867e+03
  -2.7060370e+00   5.6663292e+00   2.9602921e+00   2.4849436e+07   8.2138026e+00   2.2724400e+01   2.7570055e+01   4.0439878e+03
  -2.7323328e+00   5.5155955e+00   2.7832627e+00   2.3364238e+07   8.7359304e+00   2.3776765e+01   2.8423652e+01   4.1390665e+03
  -2.7492527e+00   5.6963136e+00   2.9470609e+00   2.4988594e+07   8.1680610e+00   2.1910744e+01   2.7446631e+01   4.2932590e+03
  -2.8627281e+00   5.6963136e+00   2.8335855e+00   2.4026419e+07   8.4951638e+00   2.1910744e+01   2.7952265e+01   4.5027059e+03
  -2.6896285e+00   5.1798102e+00   2.4901817e+00   2.1021784e+07   9.7093738e+00   2.2699655e+01   2.9961341e+01   4.1028757e+03
  -2.6829524e+00   5.3634489e+00   2.6804965e+00   2.2681491e+07   8.9988954e+00   2.2726269e+01   2.8838805e+01   4.1375819e+03
  -2.6740885e+00   5.5678493e+00   2.8937608e+00   2.4559856e+07   8.3106497e+00   2.2760488e+01   2.7707384e+01   4.1803659e+03
  -2.7894923e+00   5.3634489e+00   2.5739566e+00   2.1779984e+07   9.3713731e+00   2.2726269e+01   2.9391584e+01   4.3612086e+03
  -2.7845343e+00   5.5678493e+00   2.7833150e+00   2.3622483e+07   8.6404278e+00   2.2760488e+01   2.8213936e+01   4.4146887e+03
  -2.8105045e+00   5.7460988e+00   2.9355943e+00   2.5163277e+07   8.1113583e+00   2.1131289e+01   2.7296659e+01   4.5558051e+03
  -2.9165645e+00   5.5678493e+00   2.6512849e+00   2.2501920e+07   9.0707086e+00   2.2760488e+01   2.8861569e+01   4.6490114e+03
  -2.9420945e+00   5.7460988e+00   2.8040044e+00   2.4035317e+07   8.4920186e+00   2.1131289e+01   2.7885144e+01   4.7711518e+03
  -2.9493018e+00   5.9392240e+00   2.9899222e+00   2.5635312e+07   7.9620004e+00   2.1133906e+01   2.6997780e+01   4.7893909e+03
  -3.0918482e+00   5.7460988e+00   2.6542506e+00   2.2751661e+07   8.9711412e+00   2.1131289e+01   2.8608735e+01   4.9864986e+03
  -3.1017911e+00   5.9392240e+00   2.8374329e+00   2.4327882e+07   8.3898943e+00   2.1133906e+01   2.7662282e+01   5.0073432e+03
  -4.1268532e+00   7.0731692e+00   2.9463160e+00   2.0504990e+07   9.9540826e+00   2.0610574e+01   3.0104690e+01   4.9579138e+03
  -4.3799353e+00   7.3279873e+00   2.9480520e+00   2.0534050e+07   9.9399952e+00   2.0619101e+01   2.9987115e+01   5.1903038e+03
  -3.3774006e+00   6.3737154e+00   2.9963149e+00   2.2316998e+07   9.1458699e+00   2.1321814e+01   2.8997006e+01   4.4608082e+03
  -3.5349458e+00   6.3737154e+00   2.8387697e+00   2.1143578e+07   9.6534446e+00   2.1321814e+01   2.9733570e+01   4.6525553e+03
  -3.7259752e+00   6.5812798e+00   2.8553046e+00   2.1271543e+07   9.5953715e+00   2.1324225e+01   2.9574065e+01   4.8669413e+03
  -4.3809402e+00   7.3724980e+00   2.9915578e+00   2.0488420e+07   9.9621328e+00   2.1476306e+01   3.0202516e+01   5.1884591e+03
  -3.3112473e+00   6.2733195e+00   2.9620722e+00   2.1617189e+07   9.4419471e+00   2.3300525e+01   2.9708574e+01   4.2469696e+03
  -3.4466313e+00   6.2733195e+00   2.8266882e+00   2.0629158e+07   9.8941684e+00   2.3300525e+01   3.0361907e+01   4.4269169e+03
  -3.3546816e+00   6.2801401e+00   2.9254585e+00   2.1669342e+07   9.4192229e+00   2.2334691e+01   2.9606061e+01   4.4844411e+03
  -3.5073346e+00   6.2801401e+00   2.7728055e+00   2.0538616e+07   9.9377853e+00   2.2334691e+01   3.0353857e+01   4.6702882e+03
  -3.5183220e+00   6.5152154e+00   2.9968933e+00   2.2204152e+07   9.1923512e+00   2.2337548e+01   2.9188489e+01   4.6904117e+03
  -3.6927639e+00   6.5152154e+00   2.8224514e+00   2.0911702e+07   9.7604854e+00   2.2337548e+01   3.0013267e+01   4.8787744e+03
  -3.9045940e+00   6.7550185e+00   2.8504246e+00   2.1135373e+07   9.6571923e+00   2.2346229e+01   2.9774408e+01   5.1017983e+03
  -3.4175963e+00   6.3075736e+00   2.8899772e+00   2.1750693e+07   9.3839935e+00   2.1433314e+01   2.9474157e+01   4.7351873e+03
  -3.5879849e+00   6.3075736e+00   2.7195887e+00   2.0468306e+07   9.9719226e+00   2.1433314e+01   3.0320578e+01   4.9269344e+03
  -3.6021132e+00   6.5389233e+00   2.9368101e+00   2.2108735e+07   9.2320235e+00   2.1436012e+01   2.9168180e+01   4.9495733e+03
  -3.7948400e+00   6.5389233e+00   2.7440832e+00   2.0657859e+07   9.8804217e+00   2.1436012e+01   3.0104313e+01   5.1438358e+03
  -3.8132864e+00   6.7749177e+00   2.9616313e+00   2.2312650e+07   9.1476522e+00   2.1444210e+01   2.8957438e+01   5.1784972e+03
  -4.0299714e+00   6.7749177e+00   2.7449463e+00   2.0680165e+07   9.8697644e+00   2.1444210e+01   2.9999141e+01   5.3762258e+03
  -4.0550233e+00   7.0191867e+00   2.9641634e+00   2.2360922e+07   9.1279045e+00   2.1458223e+01   2.8836526e+01   5.4257749e+03
  -2.9272171e+00   5.8336513e+00   2.9064342e+00   2.3176142e+07   8.8068308e+00   2.3173647e+01   2.8639391e+01   4.2179147e+03
  -2.9649761e+00   5.8753392e+00   2.9103630e+00   2.3515554e+07   8.6797172e+00   2.2207722e+01   2.8375600e+01   4.4568611e+03
  -3.0938213e+00   5.8753392e+00   2.7815179e+00   2.2474494e+07   9.0817779e+00   2.2207722e+01   2.8980070e+01   4.6486082e+03
  -3.1014719e+00   6.0667809e+00   2.9653090e+00   2.3964510e+07   8.5171096e+00   2.2210037e+01   2.8061402e+01   4.6662162e+03
  -3.2398633e+00   5.8753392e+00   2.6354759e+00   2.1294483e+07   9.5850349e+00   2.2207722e+01   2.9719450e+01   4.8403553e+03
  -3.2503779e+00   6.0667809e+00   2.8164030e+00   2.2761108e+07   8.9674176e+00   2.2210037e+01   2.8741648e+01   4.8604788e+03
  -2.6199207e+00   5.4985445e+00   2.8786239e+00   2.4852963e+07   8.2126369e+00   2.2956021e+01   2.7588227e+01   4.1785348e+03
  -3.3749739e+00   6.3577791e+00   2.9828052e+00   2.1220003e+07   9.6186771e+00   2.4184096e+01   3.0147386e+01   4.2756964e+03
  -3.4060075e+00   6.3372457e+00   2.9312381e+00   2.1176372e+07   9.6384952e+00   2.3182707e+01   3.0113406e+01   4.5057929e+03
  -3.7409173e+00   6.6053147e+00   2.8643975e+00   2.0699522e+07   9.8605349e+00   2.3186086e+01   3.0334274e+01   4.8883264e+03
  -3.9504433e+00   6.8792784e+00   2.9288351e+00   2.1183922e+07   9.6350601e+00   2.3196349e+01   2.9906329e+01   5.1054504e+03
  -3.4557020e+00   6.3327089e+00   2.8770069e+00   2.1133552e+07   9.6580246e+00   2.2241796e+01   3.0068573e+01   4.7491642e+03
  -3.6381732e+00   6.5963541e+00   2.9581809e+00   2.1736059e+07   9.3903113e+00   2.2244984e+01   2.9582574e+01   4.9576504e+03
  -4.0614594e+00   6.8658069e+00   2.8043476e+00   2.0623672e+07   9.8968002e+00   2.2254669e+01   3.0211232e+01   5.3725031e+03
  -3.3575045e+00   6.3482767e+00   2.9907722e+00   2.2364978e+07   9.1262490e+00   2.1364491e+01   2.9205111e+01   4.8140633e+03
  -3.5249631e+00   6.3482767e+00   2.8233136e+00   2.1112724e+07   9.6675522e+00   2.1364491e+01   2.9997910e+01   5.0058104e+03
  -3.7285218e+00   6.6072536e+00   2.8787319e+00   2.1533204e+07   9.4787732e+00   2.1367499e+01   2.9629414e+01   5.2227118e+03
  -3.9600146e+00   6.8719346e+00   2.9119201e+00   2.1800089e+07   9.3627304e+00   2.1376638e+01   2.9361904e+01   5.4551018e+03
  -2.8519782e+00   5.8198739e+00   2.9678957e+00   2.3347268e+07   8.7422804e+00   2.4191212e+01   2.8728301e+01   4.0729971e+03
  -2.9451095e+00   5.8198739e+00   2.8747644e+00   2.2614640e+07   9.0254967e+00   2.4191212e+01   2.9157278e+01   4.2529443e+03
  -3.0549480e+00   5.8198739e+00   2.7649259e+00   2.1750584e+07   9.3840404e+00   2.4191212e+01   2.9691510e+01   4.4328916e+03
  -3.0600226e+00   6.0413339e+00   2.9813113e+00   2.3458454e+07   8.7008445e+00   2.4194126e+01   2.8587711e+01   4.4479842e+03
  -2.8625603e+00   5.8324145e+00   2.9698542e+00   2.3686880e+07   8.6169373e+00   2.3176103e+01   2.8472819e+01   4.2986687e+03
  -2.9713044e+00   5.8324145e+00   2.8611102e+00   2.2819562e+07   8.9444468e+00   2.3176103e+01   2.8970916e+01   4.4845159e+03
  -3.0969982e+00   5.8324145e+00   2.7354163e+00   2.1817056e+07   9.3554490e+00   2.3176103e+01   2.9584194e+01   4.6703631e+03
  -3.1044246e+00   6.0508412e+00   2.9464165e+00   2.3505531e+07   8.6834184e+00   2.3178857e+01   2.8498504e+01   4.6879711e+03
  -3.2396420e+00   5.8324145e+00   2.5927726e+00   2.0679363e+07   9.8701475e+00   2.3176103e+01   3.0334807e+01   4.8562102e+03
  -3.2499524e+00   6.0508412e+00   2.8008887e+00   2.2344558e+07   9.1345891e+00   2.3178857e+01   2.9178165e+01   4.8763337e+03
  -3.4128463e+00   6.0508412e+00   2.6379949e+00   2.1045046e+07   9.6986418e+00   2.3178857e+01   3.0006340e+01   5.0646964e+03
  -3.4260675e+00   6.2738996e+00   2.8478321e+00   2.2735459e+07   8.9775342e+00   2.3187222e+01   2.8862275e+01   5.0958915e+03
  -2.8907123e+00   5.8645078e+00   2.9737956e+00   2.4072464e+07   8.4789145e+00   2.2228220e+01   2.8186837e+01   4.5376151e+03
  -3.0156066e+00   5.8645078e+00   2.8489012e+00   2.3061461e+07   8.8506258e+00   2.2228220e+01   2.8754716e+01   4.7293622e+03
  -3.1576663e+00   5.8645078e+00   2.7068416e+00   2.1911508e+07   9.3151217e+00   2.2228220e+01   2.9449039e+01   4.9211093e+03
  -3.1677052e+00   6.0797143e+00   2.9120090e+00   2.3577830e+07   8.6567917e+00   2.2230823e+01   2.8385147e+01   4.9412328e+03
  -3.3168912e+00   5.8645078e+00   2.5476167e+00   2.0622604e+07   9.8973125e+00   2.2228220e+01   3.0296936e+01   5.1128564e+03
  -3.3301393e+00   6.0797143e+00   2.7495750e+00   2.2262640e+07   9.1682009e+00   2.2230823e+01   2.9154186e+01   5.1354953e+03
  -3.3432634e+00   6.2994737e+00   2.9562103e+00   2.3952743e+07   8.5212939e+00   2.2238728e+01   2.8100084e+01   5.1666905e+03
  -3.5101469e+00   6.0797143e+00   2.5695674e+00   2.0805163e+07   9.8104669e+00   2.2230823e+01   3.0092312e+01   5.3297578e+03
  -3.5275054e+00   6.2994737e+00   2.7719683e+00   2.2459919e+07   9.0876714e+00   2.2238728e+01   2.8954127e+01   5.3644192e+03
  -3.5456175e+00   6.5271987e+00   2.9815812e+00   2.4187677e+07   8.4385267e+00   2.2252240e+01   2.7890876e+01   5.4094638e+03
  -3.7298134e+00   6.2994737e+00   2.5696603e+00   2.0820715e+07   9.8031390e+00   2.2238728e+01   2.9998419e+01   5.5621478e+03
  -3.7534404e+00   6.5271987e+00   2.7737583e+00   2.2501742e+07   9.0707803e+00   2.2252240e+01   2.8843853e+01   5.6116969e+03
  -3.7790410e+00   6.7668693e+00   2.9878282e+00   2.4281204e+07   8.4060229e+00   2.2271901e+01   2.7752608e+01   5.6741373e+03
  -2.6061410e+00   5.4053806e+00   2.7992395e+00   2.4089894e+07   8.4727793e+00   2.4074178e+01   2.8184103e+01   4.2198675e+03
  -2.6075979e+00   5.5852169e+00   2.9776191e+00   2.5630022e+07   7.9636434e+00   2.4076535e+01   2.7323086e+01   4.2299292e+03
  -2.6953864e+00   5.4053806e+00   2.7099942e+00   2.3321861e+07   8.7518042e+00   2.4074178e+01   2.8613663e+01   4.4057147e+03
  -2.6984244e+00   5.5852169e+00   2.8867925e+00   2.4848228e+07   8.2142018e+00   2.4076535e+01   2.7719260e+01   4.4182918e+03
  -2.5391035e+00   5.4492492e+00   2.9101457e+00   2.5352399e+07   8.0508499e+00   2.3059620e+01   2.7457024e+01   4.2611668e+03
  -2.6274615e+00   5.4492492e+00   2.8217877e+00   2.4582648e+07   8.3029444e+00   2.3059620e+01   2.7853934e+01   4.4529139e+03
  -2.6304387e+00   5.6268922e+00   2.9964536e+00   2.6109338e+07   7.8174466e+00   2.3061850e+01   2.7025751e+01   4.4654911e+03
  -2.7317693e+00   5.4492492e+00   2.7174799e+00   2.3673947e+07   8.6216448e+00   2.3059620e+01   2.8347800e+01   4.6446611e+03
  -2.7366545e+00   5.6268922e+00   2.8902377e+00   2.5183836e+07   8.1047368e+00   2.3061850e+01   2.7482647e+01   4.6597537e+03
  -2.8520269e+00   5.4492492e+00   2.5972222e+00   2.2626295e+07   9.0208477e+00   2.3059620e+01   2.8954590e+01   4.8364082e+03
  -2.8592002e+00   5.6268922e+00   2.7676920e+00   2.4116044e+07   8.4635920e+00   2.3061850e+01   2.8042961e+01   4.8540162e+03
  -2.8656172e+00   5.8081050e+00   2.9424878e+00   2.5654176e+07   7.9561457e+00   2.3068624e+01   2.7185356e+01   4.8782791e+03
  -2.9882343e+00   5.4492492e+00   2.4610148e+00   2.1439693e+07   9.5201158e+00   2.3059620e+01   2.9696111e+01   5.0281553e+03
  -2.9980757e+00   5.6268922e+00   2.6288165e+00   2.2905965e+07   8.9107079e+00   2.3061850e+01   2.8725872e+01   5.0482788e+03
  -3.0076204e+00   5.8081050e+00   2.8004846e+00   2.4416116e+07   8.3595752e+00   2.3068624e+01   2.7818252e+01   5.0760078e+03
  -3.0169979e+00   5.9957289e+00   2.9787310e+00   2.5996243e+07   7.8514561e+00   2.3080203e+01   2.6953406e+01   5.1120435e+03
