   4.8801100e+05
   4.8917100e+05
   4.9023400e+05
   4.9053800e+05
   4.9067400e+05
   5.1725900e+05
   5.1739500e+05
   5.1763500e+05
   5.1777100e+05
   5.1781000e+05
   5.1790700e+05
   5.1794600e+05
   5.1818600e+05
   5.1845800e+05
   5.1876200e+05
   5.1889800e+05
   5.1933800e+05
   5.1954600e+05
   5.2071500e+05
   5.2122700e+05
   5.2129100e+05
   5.2173900e+05
   5.2180300e+05
   5.2187500e+05
   5.2193900e+05
   5.2224300e+05
   5.2225100e+05
   5.2229000e+05
   5.2231500e+05
   5.2235400e+05
   5.2237900e+05
   5.2238700e+05
   5.2242600e+05
   5.2245100e+05
   5.2252300e+05
   5.2259500e+05
   5.2280200e+05
   5.2286600e+05
   5.2293800e+05
   5.2300200e+05
   5.2330600e+05
   5.2337800e+05
   5.2344200e+05
   5.2351400e+05
   5.2381800e+05
   5.2388200e+05
   5.2389000e+05
   5.2395400e+05
   5.2401800e+05
   5.2402600e+05
   5.2409000e+05
   7.1992100e+05
   7.2013000e+05
   7.2042500e+05
   7.2049700e+05
   7.2056100e+05
   7.2063300e+05
   7.4519300e+05
   7.4771400e+05
   7.4814500e+05
   7.4829000e+05
   7.4836200e+05
   7.4858500e+05
   7.4872100e+05
   7.4880200e+05
   7.4885700e+05
   7.4886600e+05
   7.4893800e+05
   7.4901000e+05
   7.4908900e+05
   7.4916100e+05
   7.4929700e+05
   7.4936900e+05
   7.5268900e+05
   7.5269700e+05
   7.5283400e+05
   7.5319300e+05
   7.5320100e+05
   7.5326500e+05
   7.5327300e+05
   7.5332900e+05
   7.5333700e+05
   7.5341000e+05
   7.5347400e+05
   7.5348200e+05
   7.7413700e+05
   7.7623300e+05
   7.7636900e+05
   7.7645000e+05
   7.7652200e+05
   7.7674500e+05
   7.7680900e+05
   7.7694500e+05
   7.7696200e+05
   7.7709800e+05
   7.7717000e+05
   7.7724900e+05
   7.7732100e+05
   7.7738500e+05
   7.7745700e+05
   7.7753800e+05
   7.7759300e+05
   7.7761000e+05
   7.7768200e+05
   7.7776100e+05
   7.7782500e+05
   7.7789700e+05
   7.7796100e+05
   7.7803300e+05
   7.7810500e+05
   7.7816900e+05
   7.8041800e+05
   7.8084900e+05
   7.8091300e+05
   7.8093000e+05
   7.8099400e+05
   7.8105800e+05
   7.8106600e+05
   7.8135300e+05
   7.8136100e+05
   7.8142500e+05
   7.8148900e+05
   7.8149700e+05
   7.8150600e+05
   7.8156100e+05
   7.8157000e+05
   7.8163400e+05
   7.8164200e+05
   7.8170600e+05
   7.8171400e+05
   7.8177800e+05
   7.8178600e+05
   7.8185700e+05
   7.8186500e+05
   7.8192900e+05
   7.8193700e+05
   7.8199300e+05
   7.8200100e+05
   7.8206500e+05
   7.8207300e+05
   7.8208200e+05
   7.8213700e+05
   7.8214600e+05
   7.8215400e+05
   7.8221800e+05
   7.8222600e+05
   7.8229000e+05
   7.8229800e+05
   7.8489800e+05
   7.8546500e+05
   7.8547400e+05
   7.8553800e+05
   7.8596100e+05
   7.8596900e+05
   7.8597700e+05
   7.8603300e+05
   7.8604100e+05
   7.8605000e+05
   7.8610500e+05
   7.8611400e+05
   7.8612200e+05
   7.8617800e+05
   7.8618600e+05
   9.7472900e+05
   9.7480100e+05
   9.7862500e+05
   9.7868900e+05
   9.7876100e+05
   1.0029610e+06
   1.0062090e+06
   1.0062730e+06
   1.0067850e+06
   1.0068490e+06
   1.0068570e+06
   1.0069210e+06
   1.0069930e+06
   1.0073610e+06
   1.0074250e+06
   1.0074330e+06
   1.0074970e+06
   1.0075050e+06
   1.0075690e+06
   1.0075770e+06
   1.0107530e+06
   1.0113290e+06
   1.0113930e+06
   1.0114010e+06
   1.0114570e+06
   1.0114650e+06
   1.0152970e+06
   1.0343690e+06
   1.0349450e+06
   1.0350810e+06
   1.0351530e+06
   1.0355210e+06
   1.0355930e+06
   1.0357290e+06
   1.0360330e+06
   1.0360970e+06
   1.0361690e+06
   1.0362410e+06
   1.0388490e+06
   1.0389130e+06
   1.0389770e+06
   1.0389850e+06
   1.0394250e+06
   1.0394890e+06
   1.0395530e+06
   1.0395610e+06
   1.0396170e+06
   1.0396250e+06
   1.0396890e+06
   1.0396970e+06
   1.0400010e+06
   1.0400650e+06
   1.0401290e+06
   1.0401370e+06
   1.0401930e+06
   1.0402010e+06
   1.0402090e+06
   1.0402650e+06
   1.0402730e+06
   1.0402810e+06
   1.0403370e+06
   1.0403450e+06
   1.0403530e+06
   1.0434570e+06
   1.0434650e+06
   1.0435210e+06
   1.0435290e+06
   1.0439690e+06
   1.0440330e+06
   1.0440410e+06
   1.0440970e+06
   1.0441050e+06
   1.0441610e+06
   1.0441690e+06
   1.0441770e+06
   1.0442250e+06
   1.0442330e+06
   1.0442410e+06
   1.0442490e+06
