       8.570        7.958
       8.477        7.836
       8.379        7.708
       8.222        7.498
       7.596        6.625
       7.438        6.397
       7.354        6.270
       7.265        6.137
       7.172        5.999
       7.106        5.898
       6.885        5.551
       6.842        5.481
       6.798        5.409
       6.753        5.336
       6.706        5.261
       6.597        5.076
       6.464        4.848
       6.284        4.529
       6.265        4.490
       5.946        3.857
       5.868        3.681
       5.811        3.547
       5.673        3.178
       5.627        3.036
       5.520        2.555
       5.504        2.408
       5.506        2.261
       5.563        1.917
       5.602        1.819
       5.632        1.770
       5.663        1.722
       5.695        1.673
       5.729        1.626
       5.820        1.530
       5.878        1.482
       6.023        1.388
       6.202        1.295
       6.445        1.204
       6.600        1.159
       6.789        1.114
       7.015        1.071
       7.284        1.028
       7.312        1.027
       7.692        0.985
       7.723        0.984
       8.371        0.943
       8.405        0.942
      10.603        0.942
      10.647        0.943
      11.653        0.984
      11.702        0.985
      12.428        1.027
      12.479        1.028
      13.079        1.071
      13.643        1.114
      14.164        1.159
      14.638        1.204
      15.485        1.295
      16.225        1.388
      16.906        1.482
      17.215        1.530
      17.770        1.626
      18.014        1.673
      18.257        1.722
      18.496        1.770
      18.733        1.819
      19.140        1.917
      20.276        2.261
      20.666        2.408
      20.981        2.555
      21.728        3.036
      21.872        3.178
      22.146        3.547
      22.212        3.681
      22.278        3.857
      22.317        4.490
      22.320        4.529
      22.251        4.848
      22.184        5.076
      22.120        5.261
      22.088        5.336
      22.056        5.409
      22.026        5.481
      21.997        5.551
      21.826        5.898
      21.773        5.999
      21.691        6.137
      21.615        6.270
      21.545        6.397
      21.401        6.625
      20.825        7.498
      20.680        7.708
      20.587        7.836
      20.500        7.958
      20.418        8.075
      20.351        8.168
      20.122        8.479
      20.074        8.544
      20.026        8.608
      19.980        8.669
      19.936        8.730
      19.813        8.892
      19.665        9.087
      19.465        9.346
      19.434        9.385
      19.021        9.903
      18.899       10.052
      18.806       10.165
      18.543       10.472
      18.440       10.589
      18.056       11.006
      17.930       11.135
      17.790       11.278
      17.439       11.603
      17.326       11.700
      17.262       11.756
      17.199       11.808
      17.137       11.858
      17.075       11.904
      16.936       12.007
      16.860       12.062
      16.695       12.176
      16.517       12.286
      16.312       12.399
      16.196       12.457
      16.065       12.517
      15.921       12.575
      15.762       12.627
      15.749       12.636
      15.548       12.690
      15.534       12.696
      15.232       12.752
      15.218       12.755
      14.407       12.755
      14.391       12.752
      14.081       12.696
      14.065       12.690
      13.855       12.636
      13.839       12.627
      13.672       12.575
      13.518       12.517
      13.377       12.457
      13.251       12.399
      13.026       12.286
      12.830       12.176
      12.645       12.062
      12.560       12.007
      12.405       11.904
      12.336       11.858
      12.266       11.808
      12.194       11.756
      12.121       11.700
      11.994       11.603
      11.595       11.278
      11.434       11.135
      11.290       11.006
      10.852       10.589
      10.735       10.472
      10.437       10.165
      10.331       10.052
      10.194        9.903
       9.732        9.385
       9.698        9.346
       9.478        9.087
       9.315        8.892
       9.181        8.730
       9.132        8.669
       9.082        8.608
       9.031        8.544
       8.978        8.479
       8.732        8.168
       8.660        8.075
