       9.430        8.845
       9.305        8.669
       9.172        8.483
       9.151        8.451
       8.544        7.559
       8.515        7.517
       8.393        7.328
       8.263        7.128
       7.962        6.645
       7.608        6.049
       7.535        5.919
       7.459        5.784
       7.380        5.645
       7.257        5.414
       7.235        5.369
       6.925        4.736
       6.899        4.684
       6.812        4.481
       6.748        4.325
       6.711        4.222
       6.634        4.009
       6.583        3.848
       6.507        3.574
       6.496        3.519
       6.484        3.464
       6.444        3.185
       6.440        3.073
       6.436        2.960
       6.444        2.903
       6.492        2.620
       6.504        2.563
       6.549        2.450
       6.583        2.393
       6.618        2.337
       6.655        2.280
       6.755        2.168
       6.956        2.001
       7.152        1.890
       7.417        1.781
       7.586        1.727
       7.792        1.673
       8.068        1.620
       8.424        1.567
       8.456        1.566
       9.044        1.514
       9.078        1.514
       9.113        1.514
      10.964        1.514
      11.006        1.514
      11.049        1.514
      11.922        1.566
      11.967        1.567
      12.605        1.620
      13.165        1.673
      13.638        1.727
      14.066        1.781
      14.830        1.890
      15.493        2.001
      16.324        2.168
      16.817        2.280
      17.034        2.337
      17.248        2.393
      17.460        2.450
      17.824        2.563
      17.975        2.620
      18.701        2.903
      18.839        2.960
      19.058        3.073
      19.269        3.185
      19.691        3.464
      19.761        3.519
      19.829        3.574
      20.105        3.848
      20.239        4.009
      20.376        4.222
      20.440        4.325
      20.510        4.481
      20.583        4.684
      20.589        4.736
      20.664        5.369
      20.669        5.414
      20.657        5.645
      20.634        5.784
      20.614        5.919
      20.595        6.049
      20.444        6.645
      20.282        7.128
      20.202        7.328
      20.131        7.517
      20.110        7.559
      19.713        8.451
      19.700        8.483
      19.608        8.669
      19.524        8.845
      19.303        9.278
      19.033        9.785
      18.970        9.899
      18.909       10.008
      18.851       10.113
      18.744       10.300
      18.719       10.343
      18.422       10.839
      18.402       10.873
      18.301       11.033
      18.224       11.152
      18.168       11.239
      18.060       11.400
      17.973       11.526
      17.823       11.735
      17.790       11.779
      17.758       11.821
      17.586       12.043
      17.511       12.138
      17.436       12.225
      17.392       12.279
      17.176       12.516
      17.134       12.557
      17.036       12.654
      16.981       12.709
      16.926       12.760
      16.871       12.809
      16.749       12.914
      16.547       13.067
      16.388       13.175
      16.203       13.284
      16.097       13.337
      15.979       13.390
      15.834       13.448
      15.662       13.500
      15.649       13.507
      15.396       13.557
      15.383       13.560
      15.370       13.564
      14.718       13.564
      14.704       13.560
      14.690       13.557
      14.425       13.507
      14.409       13.500
      14.224       13.448
      14.064       13.390
      13.932       13.337
      13.813       13.284
      13.600       13.175
      13.413       13.067
      13.172       12.914
      13.023       12.809
      12.956       12.760
      12.888       12.709
      12.818       12.654
      12.695       12.557
      12.643       12.516
      12.368       12.279
      12.309       12.225
      12.213       12.138
      12.113       12.043
      11.887       11.821
      11.844       11.779
      11.801       11.735
      11.600       11.526
      11.482       11.400
      11.335       11.239
      11.258       11.152
      11.152       11.033
      11.013       10.873
      10.985       10.839
      10.572       10.343
      10.537       10.300
      10.387       10.113
      10.305       10.008
      10.219        9.899
      10.130        9.785
       9.747        9.278
