      10.364        9.828
      10.251        9.657
      10.084        9.402
      10.060        9.363
       9.621        8.667
       9.590        8.619
       9.427        8.350
       9.319        8.169
       9.074        7.748
       8.933        7.503
       8.879        7.406
       8.823        7.306
       8.690        7.057
       8.526        6.746
       8.416        6.533
       8.394        6.483
       8.037        5.705
       8.008        5.645
       7.943        5.473
       7.875        5.295
       7.835        5.177
       7.794        5.056
       7.752        4.933
       7.687        4.688
       7.675        4.627
       7.615        4.312
       7.603        4.248
       7.588        4.057
       7.585        3.928
       7.595        3.865
       7.663        3.475
       7.713        3.344
       7.830        3.148
       7.873        3.083
       7.941        3.018
       8.011        2.953
       8.085        2.887
       8.292        2.757
       8.573        2.628
       8.780        2.563
       9.028        2.499
       9.384        2.435
      10.000        2.371
      10.035        2.371
      10.069        2.371
      10.104        2.371
      11.205        2.371
      11.244        2.371
      11.283        2.371
      11.322        2.371
      12.162        2.435
      12.741        2.499
      13.203        2.563
      13.625        2.628
      14.298        2.757
      14.880        2.887
      15.124        2.953
      15.365        3.018
      15.606        3.083
      15.798        3.148
      16.361        3.344
      16.680        3.475
      17.452        3.865
      17.574        3.928
      17.768        4.057
      18.025        4.248
      18.094        4.312
      18.418        4.627
      18.479        4.688
      18.674        4.933
      18.747        5.056
      18.816        5.177
      18.884        5.295
      18.962        5.473
      19.036        5.645
      19.047        5.705
      19.195        6.483
      19.205        6.533
      19.210        6.746
      19.204        7.057
      19.193        7.306
      19.182        7.406
      19.173        7.503
      19.137        7.748
      19.069        8.169
      19.035        8.350
      18.976        8.619
      18.962        8.667
      18.781        9.363
      18.771        9.402
      18.695        9.657
      18.641        9.828
      18.517       10.206
      18.450       10.408
      18.420       10.491
      18.391       10.573
      18.313       10.784
      18.220       11.030
      18.156       11.193
      18.135       11.241
      17.882       11.830
      17.866       11.866
      17.801       12.002
      17.740       12.130
      17.694       12.220
      17.650       12.307
      17.607       12.389
      17.508       12.569
      17.480       12.619
      17.346       12.844
      17.319       12.885
      17.229       13.025
      17.165       13.118
      17.127       13.174
      16.903       13.461
      16.817       13.558
      16.671       13.711
      16.623       13.754
      16.563       13.811
      16.503       13.864
      16.442       13.911
      16.298       14.017
      16.128       14.119
      16.020       14.176
      15.898       14.228
      15.738       14.281
      15.489       14.330
      15.477       14.333
      15.464       14.336
      15.452       14.338
      15.068       14.338
      15.055       14.336
      15.042       14.333
      15.028       14.330
      14.764       14.281
      14.587       14.228
      14.448       14.176
      14.321       14.119
      14.119       14.017
      13.939       13.911
      13.864       13.864
      13.787       13.811
      13.707       13.754
      13.645       13.711
      13.449       13.558
      13.331       13.461
      13.013       13.174
      12.956       13.118
      12.861       13.025
      12.724       12.885
      12.684       12.844
      12.474       12.619
      12.430       12.569
      12.271       12.389
      12.200       12.307
      12.127       12.220
      12.052       12.130
      11.947       12.002
      11.837       11.866
      11.808       11.830
      11.356       11.241
      11.320       11.193
      11.201       11.030
      11.023       10.784
      10.873       10.573
      10.816       10.491
      10.758       10.408
      10.620       10.206
