      11.374       10.924
      11.259       10.732
      11.086       10.440
      10.686        9.738
      10.514        9.426
      10.400        9.213
      10.316        9.053
      10.228        8.887
      10.176        8.781
      10.008        8.445
       9.948        8.327
       9.867        8.156
       9.783        7.978
       9.649        7.680
       9.395        7.060
       9.367        6.994
       9.275        6.736
       9.208        6.537
       9.169        6.405
       9.128        6.269
       9.077        6.065
       8.979        5.435
       8.980        5.293
       8.980        5.148
       9.059        4.709
       9.155        4.487
       9.486        4.114
       9.591        4.040
       9.728        3.965
       9.869        3.889
      10.074        3.814
      10.378        3.740
      10.919        3.664
      10.951        3.665
      10.983        3.665
      11.849        3.665
      11.883        3.665
      11.918        3.664
      12.627        3.740
      13.097        3.814
      13.460        3.889
      13.748        3.965
      14.035        4.040
      14.283        4.114
      15.268        4.487
      15.706        4.709
      16.383        5.148
      16.558        5.293
      16.728        5.435
      17.279        6.065
      17.412        6.269
      17.486        6.405
      17.559        6.537
      17.648        6.736
      17.750        6.994
      17.767        7.060
      17.930        7.680
      17.979        7.978
      17.997        8.156
      18.016        8.327
      18.020        8.445
      18.033        8.781
      18.039        8.887
      18.035        9.053
      18.033        9.213
      18.024        9.426
      18.004        9.738
      17.930       10.440
      17.889       10.732
      17.858       10.924
      17.833       11.069
      17.809       11.208
      17.789       11.308
      17.731       11.591
      17.713       11.680
      17.680       11.823
      17.648       11.960
      17.588       12.195
      17.453       12.664
      17.440       12.706
      17.378       12.895
      17.330       13.034
      17.294       13.130
      17.259       13.222
      17.201       13.365
      17.000       13.797
      16.945       13.899
      16.890       13.994
      16.695       14.289
      16.575       14.438
      16.313       14.698
      16.247       14.749
      16.169       14.804
      16.090       14.850
      15.988       14.902
      15.851       14.958
      15.628       15.010
      15.616       15.012
      15.605       15.015
      15.288       15.015
      15.275       15.012
      15.263       15.010
      15.021       14.958
      14.862       14.902
      14.740       14.850
      14.645       14.804
      14.546       14.749
      14.460       14.698
      14.098       14.438
      13.922       14.289
      13.612       13.994
      13.520       13.899
      13.425       13.797
      13.052       13.365
      12.937       13.222
      12.865       13.130
      12.790       13.034
      12.686       12.895
      12.547       12.706
      12.517       12.664
      12.188       12.195
      12.030       11.960
      11.940       11.823
      11.846       11.680
      11.790       11.591
      11.611       11.308
      11.548       11.208
      11.463       11.069
