      12.107       11.458
      11.879       11.001
      11.599       10.407
      11.301        9.722
      11.224        9.531
      10.845        8.447
      10.728        8.014
      10.636        7.495
      10.628        7.419
      10.620        7.342
      10.610        7.033
      10.616        6.876
      10.677        6.559
      10.860        6.153
      10.999        5.988
      11.097        5.906
      11.594        5.656
      12.065        5.572
      12.093        5.572
      12.543        5.572
      12.572        5.572
      13.158        5.656
      13.984        5.906
      14.187        5.988
      14.526        6.153
      15.163        6.559
      15.550        6.876
      15.707        7.033
      15.980        7.342
      16.039        7.419
      16.097        7.495
      16.428        8.014
      16.631        8.447
      16.970        9.531
      17.011        9.722
      17.112       10.407
      17.157       11.001
      17.169       11.458
      17.161       12.011
      17.122       12.601
      17.105       12.762
      16.975       13.596
      16.905       13.902
      16.797       14.264
      16.778       14.316
      16.760       14.367
      16.677       14.574
      16.631       14.675
      16.517       14.887
      16.330       15.146
      16.229       15.251
      16.168       15.305
      15.901       15.463
      15.688       15.516
      15.676       15.517
      15.488       15.517
      15.476       15.516
      15.240       15.463
      14.907       15.305
      14.823       15.251
      14.677       15.146
      14.379       14.887
      14.173       14.675
      14.081       14.574
      13.907       14.367
      13.866       14.316
      13.825       14.264
      13.553       13.902
      13.343       13.596
      12.821       12.762
      12.727       12.601
      12.397       12.011
