      13.481       12.998
      13.369       12.749
      13.102       12.105
      13.002       11.838
      12.819       11.291
      12.738       11.009
      12.613       10.497
      12.574       10.273
      12.553       10.121
      12.529        9.889
      12.523        9.654
      12.521        9.572
      12.536        9.413
      12.726        8.837
      12.788        8.752
      12.872        8.667
      12.999        8.582
      13.235        8.496
      13.257        8.497
      13.641        8.497
      13.663        8.496
      13.973        8.582
      14.174        8.667
      14.329        8.752
      14.461        8.837
      15.108        9.413
      15.244        9.572
      15.301        9.654
      15.465        9.889
      15.605       10.121
      15.688       10.273
      15.800       10.497
      16.006       11.009
      16.100       11.291
      16.246       11.838
      16.300       12.105
      16.395       12.749
      16.419       12.998
      16.440       13.489
      16.438       13.729
      16.415       14.140
      16.395       14.316
      16.377       14.432
      16.346       14.604
      16.304       14.777
      16.289       14.831
      16.250       14.947
      16.042       15.343
      15.994       15.398
      15.935       15.454
      15.853       15.511
      15.713       15.566
      15.702       15.568
      15.491       15.568
      15.478       15.566
      15.312       15.511
      15.203       15.454
      15.118       15.398
      15.044       15.343
      14.646       14.947
      14.550       14.831
      14.510       14.777
      14.382       14.604
      14.266       14.432
      14.190       14.316
      14.081       14.140
      13.848       13.729
      13.722       13.489
