nret ielem jelem
 101   3     3
7.306956E+03	 7.095557E+03	 6.480808E+03	 5.518298E+03	 4.292236E+03	
2.904810E+03	 1.464371E+03	 7.396486E+01	 -1.178464E+03	 -2.227111E+03	
-3.031766E+03	 -3.577600E+03	 -3.872019E+03	 -3.939802E+03	 -3.817561E+03	
-3.548227E+03	 -3.175998E+03	 -2.742239E+03	 -2.282697E+03	 -1.826108E+03	
-1.393899E+03	 -1.000555E+03	 -6.543759E+02	 -3.585653E+02	 -1.125283E+02	
8.684378E+01	 2.441407E+02	 3.647055E+02	 4.540946E+02	 5.176251E+02	
5.600460E+02	 5.854175E+02	 5.971736E+02	 5.982251E+02	 5.909993E+02	
5.774449E+02	 5.590957E+02	 5.371993E+02	 5.128161E+02	 4.868211E+02	
4.598545E+02	 4.323228E+02	 4.044722E+02	 3.764608E+02	 3.483671E+02	
3.201713E+02	 2.917885E+02	 2.631644E+02	 2.343571E+02	 2.055373E+02	
1.769399E+02	 1.488398E+02	 1.215731E+02	 9.554173E+01	 7.115058E+01	
4.871403E+01	 2.841322E+01	 1.032681E+01	 -5.523971E+00	 -1.917526E+01	
-3.074855E+01	 -4.044481E+01	 -4.848933E+01	 -5.508355E+01	 -6.041637E+01	
-6.471157E+01	 -6.824086E+01	 -7.127469E+01	 -7.401691E+01	 -7.658009E+01	
-7.899800E+01	 -8.122852E+01	 -8.313118E+01	 -8.446032E+01	 -8.491513E+01	
-8.422787E+01	 -8.223024E+01	 -7.886887E+01	 -7.419791E+01	 -6.838492E+01	
-6.172023E+01	 -5.459081E+01	 -4.741196E+01	 -4.055874E+01	 -3.433771E+01	
-2.898899E+01	 -2.468055E+01	 -2.148753E+01	 -1.939190E+01	 -1.832726E+01	
-1.823860E+01	 -1.910234E+01	 -2.089468E+01	 -2.355112E+01	 -2.695571E+01	
-3.094454E+01	 -3.528198E+01	 -3.961132E+01	 -4.343733E+01	 -4.618926E+01	
-4.734291E+01
nret ielem jelem
 101   1     1
2.602126E+05	 2.377313E+05	 1.787581E+05	 1.031923E+05	 3.062192E+04	
-2.807455E+04	 -7.066144E+04	 -9.823468E+04	 -1.113965E+05	 -1.108028E+05	
-9.930673E+04	 -8.186465E+04	 -6.303752E+04	 -4.507732E+04	 -2.854938E+04	
-1.415655E+04	 -3.264766E+03	 3.283897E+03	 6.191516E+03	 7.087676E+03	
7.065163E+03	 6.173197E+03	 4.280678E+03	 1.958560E+03	 1.958274E+02	
-5.623172E+02	 -7.112145E+02	 -7.756756E+02	 -7.128117E+02	 -1.391779E+02	
9.296800E+02	 1.913188E+03	 2.316893E+03	 2.305678E+03	 2.422654E+03	
2.843021E+03	 3.158742E+03	 2.949802E+03	 2.353525E+03	 1.891107E+03	
1.826847E+03	 1.921803E+03	 1.853947E+03	 1.673395E+03	 1.671852E+03	
1.897110E+03	 2.029171E+03	 1.802917E+03	 1.381854E+03	 1.148007E+03	
1.182432E+03	 1.146307E+03	 7.350767E+02	 1.033105E+02	 -3.030297E+02	
-2.792234E+02	 -6.097026E+01	 3.946342E+01	 3.628742E+01	 1.677502E+02	
4.595062E+02	 5.896196E+02	 2.771001E+02	 -3.069434E+02	 -6.612023E+02	
-4.819708E+02	 4.236965E+01	 4.934978E+02	 6.674977E+02	 6.604429E+02	
5.822561E+02	 3.599833E+02	 -1.007805E+02	 -6.652639E+02	 -1.023368E+03	
-1.006706E+03	 -7.576189E+02	 -5.379551E+02	 -4.384534E+02	 -3.484408E+02	
-1.687081E+02	 5.495469E+01	 2.317151E+02	 3.581261E+02	 4.662506E+02	
4.925502E+02	 3.228789E+02	 -3.179221E+00	 -2.407710E+02	 -1.931441E+02	
2.296860E+01	 8.737324E+01	 -1.127408E+02	 -2.846551E+02	 -5.024937E+01	
5.589492E+02	 1.038797E+03	 8.937773E+02	 1.212828E+02	 -8.353686E+02	
-1.551931E+03
nret ielem jelem
 101   1     5
-2.513895E+06	 -2.420327E+06	 -2.155698E+06	 -1.761994E+06	 -1.292722E+06	
-7.993721E+05	 -3.246143E+05	 9.875997E+04	 4.476632E+05	 7.096929E+05	
8.837554E+05	 9.780818E+05	 1.006044E+06	 9.824114E+05	 9.217642E+05	
8.382085E+05	 7.445772E+05	 6.508379E+05	 5.630980E+05	 4.842232E+05	
4.153349E+05	 3.566906E+05	 3.075485E+05	 2.659903E+05	 2.295603E+05	
1.963155E+05	 1.652493E+05	 1.358423E+05	 1.075466E+05	 7.991885E+04	
5.310201E+04	 2.784011E+04	 4.867331E+03	 -1.561843E+04	 -3.379194E+04	
-4.965203E+04	 -6.286319E+04	 -7.318928E+04	 -8.091348E+04	 -8.667582E+04	
-9.094433E+04	 -9.378922E+04	 -9.517654E+04	 -9.530216E+04	 -9.449263E+04	
-9.284944E+04	 -9.017949E+04	 -8.634288E+04	 -8.155304E+04	 -7.621949E+04	
-7.054967E+04	 -6.445837E+04	 -5.791332E+04	 -5.124784E+04	 -4.500687E+04	
-3.950789E+04	 -3.466340E+04	 -3.024976E+04	 -2.622493E+04	 -2.267746E+04	
-1.953278E+04	 -1.649041E+04	 -1.334309E+04	 -1.027969E+04	 -7.749829E+03	
-6.009049E+03	 -4.861234E+03	 -3.861590E+03	 -2.691042E+03	 -1.272928E+03	
3.962460E+02	 2.365387E+03	 4.602832E+03	 6.834439E+03	 8.636290E+03	
9.728937E+03	 1.013838E+04	 1.005482E+04	 9.597225E+03	 8.772494E+03	
7.623271E+03	 6.317071E+03	 5.055458E+03	 3.956692E+03	 3.080400E+03	
2.517349E+03	 2.352162E+03	 2.514189E+03	 2.754745E+03	 2.861788E+03	
2.880351E+03	 3.038583E+03	 3.438987E+03	 3.910779E+03	 4.252629E+03	
4.591471E+03	 5.386407E+03	 7.002820E+03	 9.298194E+03	 1.165632E+04	
1.339390E+04
nret ielem jelem
 101   5     1
-2.513858E+06	 -2.420244E+06	 -2.155545E+06	 -1.761869E+06	 -1.292754E+06	
-7.995800E+05	 -3.248795E+05	 9.858544E+04	 4.476352E+05	 7.097624E+05	
8.838523E+05	 9.781838E+05	 1.006160E+06	 9.825251E+05	 9.218265E+05	
8.381862E+05	 7.444931E+05	 6.507483E+05	 5.630368E+05	 4.841818E+05	
4.152951E+05	 3.566605E+05	 3.075544E+05	 2.660387E+05	 2.296242E+05	
1.963624E+05	 1.652728E+05	 1.358581E+05	 1.075619E+05	 7.992018E+04	
5.307605E+04	 2.779730E+04	 4.833841E+03	 -1.563044E+04	 -3.379626E+04	
-4.966675E+04	 -6.288426E+04	 -7.319381E+04	 -8.088777E+04	 -8.663196E+04	
-9.090598E+04	 -9.376739E+04	 -9.516616E+04	 -9.529922E+04	 -9.450448E+04	
-9.288278E+04	 -9.022386E+04	 -8.637490E+04	 -8.155858E+04	 -7.620614E+04	
-7.053431E+04	 -6.444708E+04	 -5.789923E+04	 -5.122737E+04	 -4.499006E+04	
-3.950786E+04	 -3.467916E+04	 -3.026605E+04	 -2.622964E+04	 -2.267407E+04	
-1.953233E+04	 -1.649516E+04	 -1.334415E+04	 -1.027124E+04	 -7.739683E+03	
-6.010771E+03	 -4.877740E+03	 -3.881306E+03	 -2.700763E+03	 -1.270257E+03	
4.055467E+02	 2.378558E+03	 4.622821E+03	 6.860727E+03	 8.658053E+03	
9.731978E+03	 1.011846E+04	 1.002128E+04	 9.563619E+03	 8.746824E+03	
7.608621E+03	 6.317357E+03	 5.074654E+03	 3.991305E+03	 3.116964E+03	
2.541280E+03	 2.358615E+03	 2.508025E+03	 2.741062E+03	 2.840866E+03	
2.853800E+03	 3.016372E+03	 3.434252E+03	 3.925930E+03	 4.274044E+03	
4.601358E+03	 5.379335E+03	 6.988457E+03	 9.288819E+03	 1.165562E+04	
1.339944E+04
nret ielem jelem
 101   5     5
4.684914E+07	 4.597989E+07	 4.344018E+07	 3.942247E+07	 3.421325E+07	
2.815492E+07	 2.160923E+07	 1.492623E+07	 8.419126E+06	 2.345036E+06	
-3.106131E+06	 -7.813498E+06	 -1.171920E+07	 -1.481821E+07	 -1.714702E+07	
-1.877216E+07	 -1.977840E+07	 -2.025763E+07	 -2.030002E+07	 -1.998870E+07	
-1.939726E+07	 -1.858855E+07	 -1.761429E+07	 -1.651560E+07	 -1.532501E+07	
-1.406892E+07	 -1.276961E+07	 -1.144634E+07	 -1.011599E+07	 -8.793930E+06	
-7.494813E+06	 -6.232673E+06	 -5.020333E+06	 -3.868795E+06	 -2.787173E+06	
-1.782977E+06	 -8.621437E+05	 -2.867475E+04	 7.156256E+05	 1.370856E+06	
1.938369E+06	 2.420349E+06	 2.819814E+06	 3.140689E+06	 3.387563E+06	
3.565293E+06	 3.678876E+06	 3.733681E+06	 3.735635E+06	 3.691033E+06	
3.606136E+06	 3.486996E+06	 3.339626E+06	 3.170128E+06	 2.984429E+06	
2.787798E+06	 2.584603E+06	 2.378471E+06	 2.172542E+06	 1.969475E+06	
1.771282E+06	 1.579366E+06	 1.394846E+06	 1.218835E+06	 1.052350E+06	
8.959495E+05	 7.495594E+05	 6.127078E+05	 4.849348E+05	 3.660070E+05	
2.558838E+05	 1.546779E+05	 6.274644E+04	 -1.925604E+04	 -9.057591E+04	
-1.507324E+05	 -1.997566E+05	 -2.381406E+05	 -2.666607E+05	 -2.863174E+05	
-2.983942E+05	 -3.044457E+05	 -3.061245E+05	 -3.049842E+05	 -3.024084E+05	
-2.996137E+05	 -2.975779E+05	 -2.969057E+05	 -2.978245E+05	 -3.003898E+05	
-3.047049E+05	 -3.108987E+05	 -3.188985E+05	 -3.283118E+05	 -3.385988E+05	
-3.493163E+05	 -3.600688E+05	 -3.701320E+05	 -3.781402E+05	 -3.822170E+05	
-3.804882E+05
nret ielem jelem
 101   6     6
9.662020E-11	 4.422771E-11	 -5.290150E-11	 -8.596277E-11	 -2.462475E-11	
5.290690E-11	 5.861496E-11	 -2.378232E-12	 -4.776345E-11	 -2.485814E-11	
2.835735E-11	 3.916283E-11	 -5.075185E-12	 -4.442612E-11	 -2.684691E-11	
2.533774E-11	 4.632856E-11	 1.129577E-11	 -3.457753E-11	 -3.582000E-11	
4.661353E-12	 3.394241E-11	 1.838775E-11	 -1.706677E-11	 -2.595650E-11	
-5.213940E-13	 2.265259E-11	 1.370048E-11	 -1.282228E-11	 -2.068662E-11	
-8.302445E-13	 1.892949E-11	 1.286941E-11	 -9.288038E-12	 -1.764309E-11	
-2.554706E-12	 1.436821E-11	 1.094369E-11	 -6.479585E-12	 -1.363317E-11	
-1.828259E-12	 1.161086E-11	 8.328191E-12	 -6.262447E-12	 -1.161379E-11	
-6.947713E-13	 1.100412E-11	 7.409048E-12	 -6.229514E-12	 -1.113280E-11	
-8.781571E-13	 1.027443E-11	 7.289093E-12	 -5.328510E-12	 -1.024881E-11	
-1.121470E-12	 9.212632E-12	 6.681877E-12	 -4.949476E-12	 -9.674989E-12	
-1.205822E-12	 8.799865E-12	 6.902891E-12	 -4.052062E-12	 -9.278717E-12	
-2.188202E-12	 7.222725E-12	 6.460642E-12	 -2.731036E-12	 -7.510363E-12	
-1.773682E-12	 6.015197E-12	 5.074908E-12	 -2.906565E-12	 -6.652837E-12	
-1.150938E-12	 5.726684E-12	 4.535239E-12	 -2.709762E-12	 -5.779836E-12	
-7.014079E-13	 4.978912E-12	 3.185501E-12	 -3.243888E-12	 -4.798295E-12	
9.570951E-13	 5.729315E-12	 2.269217E-12	 -5.007112E-12	 -5.795783E-12	
1.614737E-12	 7.416280E-12	 3.474939E-12	 -5.280854E-12	 -7.192990E-12	
3.647484E-13	 7.288961E-12	 4.355619E-12	 -4.300689E-12	 -6.867719E-12	
3.719082E-14
nret ielem jelem
 101   2     2
2.602126E+05	 2.377313E+05	 1.787581E+05	 1.031923E+05	 3.062192E+04	
-2.807455E+04	 -7.066144E+04	 -9.823469E+04	 -1.113965E+05	 -1.108028E+05	
-9.930673E+04	 -8.186465E+04	 -6.303752E+04	 -4.507733E+04	 -2.854938E+04	
-1.415655E+04	 -3.264770E+03	 3.283894E+03	 6.191513E+03	 7.087673E+03	
7.065160E+03	 6.173194E+03	 4.280675E+03	 1.958557E+03	 1.958244E+02	
-5.623203E+02	 -7.112175E+02	 -7.756786E+02	 -7.128147E+02	 -1.391809E+02	
9.296771E+02	 1.913185E+03	 2.316890E+03	 2.305675E+03	 2.422651E+03	
2.843018E+03	 3.158739E+03	 2.949800E+03	 2.353522E+03	 1.891104E+03	
1.826844E+03	 1.921800E+03	 1.853944E+03	 1.673392E+03	 1.671849E+03	
1.897107E+03	 2.029168E+03	 1.802914E+03	 1.381851E+03	 1.148004E+03	
1.182430E+03	 1.146305E+03	 7.350742E+02	 1.033080E+02	 -3.030322E+02	
-2.792259E+02	 -6.097270E+01	 3.946101E+01	 3.628503E+01	 1.677478E+02	
4.595039E+02	 5.896173E+02	 2.770978E+02	 -3.069457E+02	 -6.612045E+02	
-4.819729E+02	 4.236749E+01	 4.934957E+02	 6.674956E+02	 6.604409E+02	
5.822541E+02	 3.599812E+02	 -1.007825E+02	 -6.652658E+02	 -1.023370E+03	
-1.006707E+03	 -7.576208E+02	 -5.379569E+02	 -4.384551E+02	 -3.484425E+02	
-1.687098E+02	 5.495300E+01	 2.317134E+02	 3.581244E+02	 4.662490E+02	
4.925487E+02	 3.228774E+02	 -3.180708E+00	 -2.407724E+02	 -1.931455E+02	
2.296722E+01	 8.737190E+01	 -1.127421E+02	 -2.846564E+02	 -5.025061E+01	
5.589480E+02	 1.038795E+03	 8.937761E+02	 1.212817E+02	 -8.353696E+02	
-1.551932E+03
nret ielem jelem
 101   2     4
2.513898E+06	 2.420330E+06	 2.155701E+06	 1.761997E+06	 1.292725E+06	
7.993752E+05	 3.246174E+05	 -9.875684E+04	 -4.476601E+05	 -7.096898E+05	
-8.837523E+05	 -9.780788E+05	 -1.006041E+06	 -9.824084E+05	 -9.217612E+05	
-8.382056E+05	 -7.445743E+05	 -6.508350E+05	 -5.630951E+05	 -4.842204E+05	
-4.153322E+05	 -3.566878E+05	 -3.075458E+05	 -2.659876E+05	 -2.295577E+05	
-1.963129E+05	 -1.652468E+05	 -1.358398E+05	 -1.075441E+05	 -7.991646E+04	
-5.309968E+04	 -2.783784E+04	 -4.865114E+03	 1.562059E+04	 3.379404E+04	
4.965407E+04	 6.286517E+04	 7.319119E+04	 8.091533E+04	 8.667760E+04	
9.094604E+04	 9.379087E+04	 9.517813E+04	 9.530367E+04	 9.449407E+04	
9.285081E+04	 9.018079E+04	 8.634410E+04	 8.155419E+04	 7.622057E+04	
7.055067E+04	 6.445930E+04	 5.791417E+04	 5.124862E+04	 4.500757E+04	
3.950851E+04	 3.466394E+04	 3.025022E+04	 2.622531E+04	 2.267776E+04	
1.953300E+04	 1.649056E+04	 1.334315E+04	 1.027967E+04	 7.749734E+03	
6.008873E+03	 4.860979E+03	 3.861256E+03	 2.690629E+03	 1.272436E+03	
-3.968161E+02	 -2.366035E+03	 -4.603558E+03	 -6.835243E+03	 -8.637170E+03	
-9.729894E+03	 -1.013941E+04	 -1.005592E+04	 -9.598407E+03	 -8.773749E+03	
-7.624598E+03	 -6.318471E+03	 -5.056929E+03	 -3.958233E+03	 -3.082010E+03	
-2.519027E+03	 -2.353907E+03	 -2.516000E+03	 -2.756621E+03	 -2.863728E+03	
-2.882353E+03	 -3.040647E+03	 -3.441111E+03	 -3.912961E+03	 -4.254868E+03	
-4.593767E+03	 -5.388756E+03	 -7.005223E+03	 -9.300648E+03	 -1.165882E+04	
-1.339646E+04
nret ielem jelem
 101   4     2
2.513540E+06	 2.419935E+06	 2.155265E+06	 1.761636E+06	 1.292582E+06	
7.994795E+05	 3.248569E+05	 -9.852874E+04	 -4.475028E+05	 -7.095624E+05	
-8.835974E+05	 -9.778897E+05	 -1.005845E+06	 -9.822090E+05	 -9.215289E+05	
-8.379257E+05	 -7.442859E+05	 -6.506072E+05	 -5.629707E+05	 -4.841949E+05	
-4.153865E+05	 -3.568246E+05	 -3.077809E+05	 -2.663136E+05	 -2.299304E+05	
-1.966808E+05	 -1.655837E+05	 -1.361421E+05	 -1.078014E+05	 -8.010028E+04	
-5.318554E+04	 -2.782939E+04	 -4.786543E+03	 1.575416E+04	 3.398869E+04	
4.991589E+04	 6.317459E+04	 7.350724E+04	 8.120478E+04	 8.693280E+04	
9.117190E+04	 9.398184E+04	 9.531576E+04	 9.537464E+04	 9.450103E+04	
9.280064E+04	 9.006813E+04	 8.615525E+04	 8.128868E+04	 7.590275E+04	
7.021632E+04	 6.413425E+04	 5.761102E+04	 5.098169E+04	 4.480220E+04	
3.938949E+04	 3.463763E+04	 3.030393E+04	 2.634456E+04	 2.285886E+04	
1.977548E+04	 1.678152E+04	 1.365588E+04	 1.058892E+04	 8.043539E+03	
6.281873E+03	 5.099199E+03	 4.039327E+03	 2.785498E+03	 1.276418E+03	
-4.783549E+02	 -2.525817E+03	 -4.835379E+03	 -7.125366E+03	 -8.958315E+03	
-1.004919E+04	 -1.043289E+04	 -1.031337E+04	 -9.815196E+03	 -8.942245E+03	
-7.735735E+03	 -6.368264E+03	 -5.046196E+03	 -3.885264E+03	 -2.939949E+03	
-2.304318E+03	 -2.076464E+03	 -2.198255E+03	 -2.422961E+03	 -2.534242E+03	
-2.577744E+03	 -2.788075E+03	 -3.267931E+03	 -3.831944E+03	 -4.258250E+03	
-4.664748E+03	 -5.517971E+03	 -7.193717E+03	 -9.547936E+03	 -1.195248E+04	
-1.371556E+04
nret ielem jelem
 101   4     4
4.684914E+07	 4.597989E+07	 4.344018E+07	 3.942247E+07	 3.421325E+07	
2.815492E+07	 2.160923E+07	 1.492623E+07	 8.419126E+06	 2.345036E+06	
-3.106131E+06	 -7.813498E+06	 -1.171920E+07	 -1.481821E+07	 -1.714702E+07	
-1.877216E+07	 -1.977840E+07	 -2.025763E+07	 -2.030002E+07	 -1.998870E+07	
-1.939726E+07	 -1.858855E+07	 -1.761429E+07	 -1.651560E+07	 -1.532501E+07	
-1.406892E+07	 -1.276961E+07	 -1.144634E+07	 -1.011599E+07	 -8.793930E+06	
-7.494813E+06	 -6.232673E+06	 -5.020333E+06	 -3.868795E+06	 -2.787173E+06	
-1.782977E+06	 -8.621437E+05	 -2.867475E+04	 7.156256E+05	 1.370856E+06	
1.938369E+06	 2.420349E+06	 2.819814E+06	 3.140689E+06	 3.387563E+06	
3.565293E+06	 3.678876E+06	 3.733681E+06	 3.735635E+06	 3.691033E+06	
3.606136E+06	 3.486996E+06	 3.339626E+06	 3.170128E+06	 2.984429E+06	
2.787798E+06	 2.584603E+06	 2.378471E+06	 2.172542E+06	 1.969475E+06	
1.771282E+06	 1.579366E+06	 1.394846E+06	 1.218835E+06	 1.052350E+06	
8.959495E+05	 7.495594E+05	 6.127078E+05	 4.849348E+05	 3.660070E+05	
2.558838E+05	 1.546779E+05	 6.274644E+04	 -1.925604E+04	 -9.057591E+04	
-1.507324E+05	 -1.997566E+05	 -2.381406E+05	 -2.666607E+05	 -2.863174E+05	
-2.983942E+05	 -3.044457E+05	 -3.061245E+05	 -3.049842E+05	 -3.024084E+05	
-2.996137E+05	 -2.975779E+05	 -2.969057E+05	 -2.978245E+05	 -3.003898E+05	
-3.047049E+05	 -3.108987E+05	 -3.188985E+05	 -3.283118E+05	 -3.385988E+05	
-3.493163E+05	 -3.600688E+05	 -3.701320E+05	 -3.781402E+05	 -3.822170E+05	
-3.804882E+05
#