1.26E+02
1.26E+02
1.26E+02
1.26E+02
1.26E+02
1.26E+02
1.26E+02
1.26E+02
1.26E+02
1.26E+02
6.28E+01
6.28E+01
6.28E+01
6.28E+01
6.28E+01
6.28E+01
6.28E+01
6.28E+01
6.28E+01
6.28E+01
4.19E+01
4.19E+01
4.19E+01
4.19E+01
4.19E+01
4.19E+01
4.19E+01
4.19E+01
4.19E+01
4.19E+01
3.14E+01
3.14E+01
3.14E+01
3.14E+01
3.14E+01
3.14E+01
3.14E+01
3.14E+01
3.14E+01
3.14E+01
2.51E+01
2.51E+01
2.51E+01
2.51E+01
2.51E+01
2.51E+01
2.51E+01
2.51E+01
2.51E+01
2.51E+01
2.09E+01
2.09E+01
2.09E+01
2.09E+01
2.09E+01
2.09E+01
2.09E+01
2.09E+01
2.09E+01
2.09E+01
1.80E+01
1.80E+01
1.80E+01
1.80E+01
1.80E+01
1.80E+01
1.80E+01
1.80E+01
1.80E+01
1.80E+01
1.57E+01
1.57E+01
1.57E+01
1.57E+01
1.57E+01
1.57E+01
1.57E+01
1.57E+01
1.57E+01
1.57E+01
1.40E+01
1.40E+01
1.40E+01
1.40E+01
1.40E+01
1.40E+01
1.40E+01
1.40E+01
1.40E+01
1.40E+01
1.26E+01
1.26E+01
1.26E+01
1.26E+01
1.26E+01
1.26E+01
1.26E+01
1.26E+01
1.26E+01
1.26E+01
1.14E+01
1.14E+01
1.14E+01
1.14E+01
1.14E+01
1.14E+01
1.14E+01
1.14E+01
1.14E+01
1.14E+01
1.05E+01
1.05E+01
1.05E+01
1.05E+01
1.05E+01
1.05E+01
1.05E+01
1.05E+01
1.05E+01
1.05E+01
9.67E+00
9.67E+00
9.67E+00
9.67E+00
9.67E+00
9.67E+00
9.67E+00
9.67E+00
9.67E+00
9.67E+00
8.98E+00
8.98E+00
8.98E+00
8.98E+00
8.98E+00
8.98E+00
8.98E+00
8.98E+00
8.98E+00
8.98E+00
8.38E+00
8.38E+00
8.38E+00
8.38E+00
8.38E+00
8.38E+00
8.38E+00
8.38E+00
8.38E+00
8.38E+00
7.85E+00
7.85E+00
7.85E+00
7.85E+00
7.85E+00
7.85E+00
7.85E+00
7.85E+00
7.85E+00
7.85E+00
7.39E+00
7.39E+00
7.39E+00
7.39E+00
7.39E+00
7.39E+00
7.39E+00
7.39E+00
7.39E+00
7.39E+00
6.98E+00
6.98E+00
6.98E+00
6.98E+00
6.98E+00
6.98E+00
6.98E+00
6.98E+00
6.98E+00
6.98E+00
6.61E+00
6.61E+00
6.61E+00
6.61E+00
6.61E+00
6.61E+00
6.61E+00
6.61E+00
6.61E+00
6.61E+00
6.28E+00
6.28E+00
6.28E+00
6.28E+00
6.28E+00
6.28E+00
6.28E+00
6.28E+00
6.28E+00
6.28E+00
5.98E+00
5.98E+00
5.98E+00
5.98E+00
5.98E+00
5.98E+00
5.98E+00
5.98E+00
5.98E+00
5.98E+00
5.71E+00
5.71E+00
5.71E+00
5.71E+00
5.71E+00
5.71E+00
5.71E+00
5.71E+00
5.71E+00
5.71E+00
5.46E+00
5.46E+00
5.46E+00
5.46E+00
5.46E+00
5.46E+00
5.46E+00
5.46E+00
5.46E+00
5.46E+00
5.24E+00
5.24E+00
5.24E+00
5.24E+00
5.24E+00
5.24E+00
5.24E+00
5.24E+00
5.24E+00
5.24E+00
5.03E+00
5.03E+00
5.03E+00
5.03E+00
5.03E+00
5.03E+00
5.03E+00
5.03E+00
5.03E+00
5.03E+00
4.83E+00
4.83E+00
4.83E+00
4.83E+00
4.83E+00
4.83E+00
4.83E+00
4.83E+00
4.83E+00
4.83E+00
4.65E+00
4.65E+00
4.65E+00
4.65E+00
4.65E+00
4.65E+00
4.65E+00
4.65E+00
4.65E+00
4.65E+00
4.49E+00
4.49E+00
4.49E+00
4.49E+00
4.49E+00
4.49E+00
4.49E+00
4.49E+00
4.49E+00
4.49E+00
4.33E+00
4.33E+00
4.33E+00
4.33E+00
4.33E+00
4.33E+00
4.33E+00
4.33E+00
4.33E+00
4.33E+00
4.19E+00
4.19E+00
4.19E+00
4.19E+00
4.19E+00
4.19E+00
4.19E+00
4.19E+00
4.19E+00
4.19E+00
4.05E+00
4.05E+00
4.05E+00
4.05E+00
4.05E+00
4.05E+00
4.05E+00
4.05E+00
4.05E+00
4.05E+00
3.93E+00
3.93E+00
3.93E+00
3.93E+00
3.93E+00
3.93E+00
3.93E+00
3.93E+00
3.93E+00
3.93E+00
3.81E+00
3.81E+00
3.81E+00
3.81E+00
3.81E+00
3.81E+00
3.81E+00
3.81E+00
3.81E+00
3.81E+00
3.70E+00
3.70E+00
3.70E+00
3.70E+00
3.70E+00
3.70E+00
3.70E+00
3.70E+00
3.70E+00
3.70E+00
3.59E+00
3.59E+00
3.59E+00
3.59E+00
3.59E+00
3.59E+00
3.59E+00
3.59E+00
3.59E+00
3.59E+00
3.49E+00
3.49E+00
3.49E+00
3.49E+00
3.49E+00
3.49E+00
3.49E+00
3.49E+00
3.49E+00
3.49E+00
3.40E+00
3.40E+00
3.40E+00
3.40E+00
3.40E+00
3.40E+00
3.40E+00
3.40E+00
3.40E+00
3.40E+00
3.31E+00
3.31E+00
3.31E+00
3.31E+00
3.31E+00
3.31E+00
3.31E+00
3.31E+00
3.31E+00
3.31E+00
3.22E+00
3.22E+00
3.22E+00
3.22E+00
3.22E+00
3.22E+00
3.22E+00
3.22E+00
3.22E+00
3.22E+00
3.14E+00
3.14E+00
3.14E+00
3.14E+00
3.14E+00
3.14E+00
3.14E+00
3.14E+00
3.14E+00
3.14E+00
3.06E+00
3.06E+00
3.06E+00
3.06E+00
3.06E+00
3.06E+00
3.06E+00
3.06E+00
3.06E+00
3.06E+00
2.99E+00
2.99E+00
2.99E+00
2.99E+00
2.99E+00
2.99E+00
2.99E+00
2.99E+00
2.99E+00
2.99E+00
2.92E+00
2.92E+00
2.92E+00
2.92E+00
2.92E+00
2.92E+00
2.92E+00
2.92E+00
2.92E+00
2.92E+00
2.86E+00
2.86E+00
2.86E+00
2.86E+00
2.86E+00
2.86E+00
2.86E+00
2.86E+00
2.86E+00
2.86E+00
2.79E+00
2.79E+00
2.79E+00
2.79E+00
2.79E+00
2.79E+00
2.79E+00
2.79E+00
2.79E+00
2.79E+00
2.73E+00
2.73E+00
2.73E+00
2.73E+00
2.73E+00
2.73E+00
2.73E+00
2.73E+00
2.73E+00
2.73E+00
2.67E+00
2.67E+00
2.67E+00
2.67E+00
2.67E+00
2.67E+00
2.67E+00
2.67E+00
2.67E+00
2.67E+00
2.62E+00
2.62E+00
2.62E+00
2.62E+00
2.62E+00
2.62E+00
2.62E+00
2.62E+00
2.62E+00
2.62E+00
2.56E+00
2.56E+00
2.56E+00
2.56E+00
2.56E+00
2.56E+00
2.56E+00
2.56E+00
2.56E+00
2.56E+00
2.51E+00
2.51E+00
2.51E+00
2.51E+00
2.51E+00
2.51E+00
2.51E+00
2.51E+00
2.51E+00
2.51E+00
2.46E+00
2.46E+00
2.46E+00
2.46E+00
2.46E+00
2.46E+00
2.46E+00
2.46E+00
2.46E+00
2.46E+00
2.42E+00
2.42E+00
2.42E+00
2.42E+00
2.42E+00
2.42E+00
2.42E+00
2.42E+00
2.42E+00
2.42E+00
2.37E+00
2.37E+00
2.37E+00
2.37E+00
2.37E+00
2.37E+00
2.37E+00
2.37E+00
2.37E+00
2.37E+00
2.33E+00
2.33E+00
2.33E+00
2.33E+00
2.33E+00
2.33E+00
2.33E+00
2.33E+00
2.33E+00
2.33E+00
2.28E+00
2.28E+00
2.28E+00
2.28E+00
2.28E+00
2.28E+00
2.28E+00
2.28E+00
2.28E+00
2.28E+00
2.24E+00
2.24E+00
2.24E+00
2.24E+00
2.24E+00
2.24E+00
2.24E+00
2.24E+00
2.24E+00
2.24E+00
2.20E+00
2.20E+00
2.20E+00
2.20E+00
2.20E+00
2.20E+00
2.20E+00
2.20E+00
2.20E+00
2.20E+00
2.17E+00
2.17E+00
2.17E+00
2.17E+00
2.17E+00
2.17E+00
2.17E+00
2.17E+00
2.17E+00
2.17E+00
2.13E+00
2.13E+00
2.13E+00
2.13E+00
2.13E+00
2.13E+00
2.13E+00
2.13E+00
2.13E+00
2.13E+00
2.09E+00
2.09E+00
2.09E+00
2.09E+00
2.09E+00
2.09E+00
2.09E+00
2.09E+00
2.09E+00
2.09E+00
2.06E+00
2.06E+00
2.06E+00
2.06E+00
2.06E+00
2.06E+00
2.06E+00
2.06E+00
2.06E+00
2.06E+00
2.03E+00
2.03E+00
2.03E+00
2.03E+00
2.03E+00
2.03E+00
2.03E+00
2.03E+00
2.03E+00
2.03E+00
1.99E+00
1.99E+00
1.99E+00
1.99E+00
1.99E+00
1.99E+00
1.99E+00
1.99E+00
1.99E+00
1.99E+00
1.96E+00
1.96E+00
1.96E+00
1.96E+00
1.96E+00
1.96E+00
1.96E+00
1.96E+00
1.96E+00
1.96E+00
1.93E+00
1.93E+00
1.93E+00
1.93E+00
1.93E+00
1.93E+00
1.93E+00
1.93E+00
1.93E+00
1.93E+00
1.90E+00
1.90E+00
1.90E+00
1.90E+00
1.90E+00
1.90E+00
1.90E+00
1.90E+00
1.90E+00
1.90E+00
1.88E+00
1.88E+00
1.88E+00
1.88E+00
1.88E+00
1.88E+00
1.88E+00
1.88E+00
1.88E+00
1.88E+00
1.85E+00
1.85E+00
1.85E+00
1.85E+00
1.85E+00
1.85E+00
1.85E+00
1.85E+00
1.85E+00
1.85E+00
1.82E+00
1.82E+00
1.82E+00
1.82E+00
1.82E+00
1.82E+00
1.82E+00
1.82E+00
1.82E+00
1.82E+00
1.80E+00
1.80E+00
1.80E+00
1.80E+00
1.80E+00
1.80E+00
1.80E+00
1.80E+00
1.80E+00
1.80E+00
1.77E+00
1.77E+00
1.77E+00
1.77E+00
1.77E+00
1.77E+00
1.77E+00
1.77E+00
1.77E+00
1.77E+00
1.75E+00
1.75E+00
1.75E+00
1.75E+00
1.75E+00
1.75E+00
1.75E+00
1.75E+00
1.75E+00
1.75E+00
1.72E+00
1.72E+00
1.72E+00
1.72E+00
1.72E+00
1.72E+00
1.72E+00
1.72E+00
1.72E+00
1.72E+00
1.70E+00
1.70E+00
1.70E+00
1.70E+00
1.70E+00
1.70E+00
1.70E+00
1.70E+00
1.70E+00
1.70E+00
1.68E+00
1.68E+00
1.68E+00
1.68E+00
1.68E+00
1.68E+00
1.68E+00
1.68E+00
1.68E+00
1.68E+00
1.65E+00
1.65E+00
1.65E+00
1.65E+00
1.65E+00
1.65E+00
1.65E+00
1.65E+00
1.65E+00
1.65E+00
1.63E+00
1.63E+00
1.63E+00
1.63E+00
1.63E+00
1.63E+00
1.63E+00
1.63E+00
1.63E+00
1.63E+00
1.61E+00
1.61E+00
1.61E+00
1.61E+00
1.61E+00
1.61E+00
1.61E+00
1.61E+00
1.61E+00
1.61E+00
1.59E+00
1.59E+00
1.59E+00
1.59E+00
1.59E+00
1.59E+00
1.59E+00
1.59E+00
1.59E+00
1.59E+00
1.57E+00
1.57E+00
1.57E+00
1.57E+00
1.57E+00
1.57E+00
1.57E+00
1.57E+00
1.57E+00
1.57E+00
1.55E+00
1.55E+00
1.55E+00
1.55E+00
1.55E+00
1.55E+00
1.55E+00
1.55E+00
1.55E+00
1.55E+00
1.53E+00
1.53E+00
1.53E+00
1.53E+00
1.53E+00
1.53E+00
1.53E+00
1.53E+00
1.53E+00
1.53E+00
1.51E+00
1.51E+00
1.51E+00
1.51E+00
1.51E+00
1.51E+00
1.51E+00
1.51E+00
1.51E+00
1.51E+00
1.50E+00
1.50E+00
1.50E+00
1.50E+00
1.50E+00
1.50E+00
1.50E+00
1.50E+00
1.50E+00
1.50E+00
1.48E+00
1.48E+00
1.48E+00
1.48E+00
1.48E+00
1.48E+00
1.48E+00
1.48E+00
1.48E+00
1.48E+00
1.46E+00
1.46E+00
1.46E+00
1.46E+00
1.46E+00
1.46E+00
1.46E+00
1.46E+00
1.46E+00
1.46E+00
1.44E+00
1.44E+00
1.44E+00
1.44E+00
1.44E+00
1.44E+00
1.44E+00
1.44E+00
1.44E+00
1.44E+00
1.43E+00
1.43E+00
1.43E+00
1.43E+00
1.43E+00
1.43E+00
1.43E+00
1.43E+00
1.43E+00
1.43E+00
1.41E+00
1.41E+00
1.41E+00
1.41E+00
1.41E+00
1.41E+00
1.41E+00
1.41E+00
1.41E+00
1.41E+00
1.40E+00
1.40E+00
1.40E+00
1.40E+00
1.40E+00
1.40E+00
1.40E+00
1.40E+00
1.40E+00
1.40E+00
1.38E+00
1.38E+00
1.38E+00
1.38E+00
1.38E+00
1.38E+00
1.38E+00
1.38E+00
1.38E+00
1.38E+00
1.37E+00
1.37E+00
1.37E+00
1.37E+00
1.37E+00
1.37E+00
1.37E+00
1.37E+00
1.37E+00
1.37E+00
1.35E+00
1.35E+00
1.35E+00
1.35E+00
1.35E+00
1.35E+00
1.35E+00
1.35E+00
1.35E+00
1.35E+00
1.34E+00
1.34E+00
1.34E+00
1.34E+00
1.34E+00
1.34E+00
1.34E+00
1.34E+00
1.34E+00
1.34E+00
1.32E+00
1.32E+00
1.32E+00
1.32E+00
1.32E+00
1.32E+00
1.32E+00
1.32E+00
1.32E+00
1.32E+00
1.31E+00
1.31E+00
1.31E+00
1.31E+00
1.31E+00
1.31E+00
1.31E+00
1.31E+00
1.31E+00
1.31E+00
1.30E+00
1.30E+00
1.30E+00
1.30E+00
1.30E+00
1.30E+00
1.30E+00
1.30E+00
1.30E+00
1.30E+00
1.28E+00
1.28E+00
1.28E+00
1.28E+00
1.28E+00
1.28E+00
1.28E+00
1.28E+00
1.28E+00
1.28E+00
1.27E+00
1.27E+00
1.27E+00
1.27E+00
1.27E+00
1.27E+00
1.27E+00
1.27E+00
1.27E+00
1.27E+00
1.26E+00
1.26E+00
1.26E+00
1.26E+00
1.26E+00
1.26E+00
1.26E+00
1.26E+00
1.26E+00
1.26E+00
