8.21E-02
-5.03E+00
8.20E-02
5.03E+00
8.16E-01
5.02E+00
3.08E+02
-5.03E+00
3.08E+02
8.92E-17
3.89E-01
-2.35E+01
3.89E-01
2.36E+01
6.85E-01
2.35E+01
1.43E+03
-2.35E+01
1.43E+03
7.01E-17
1.17E+00
-6.95E+01
1.17E+00
6.95E+01
4.51E-01
6.95E+01
4.12E+03
-6.95E+01
4.12E+03
-2.27E-17
3.15E+00
-1.81E+02
3.15E+00
1.81E+02
1.46E-01
1.81E+02
1.04E+04
-1.81E+02
1.04E+04
5.27E-17
7.88E+00
-4.32E+02
7.88E+00
4.32E+02
9.56E-03
4.32E+02
2.37E+04
-4.32E+02
2.37E+04
-6.41E-17
1.72E+01
-8.88E+02
1.72E+01
8.88E+02
5.43E-01
8.88E+02
4.59E+04
-8.88E+02
4.59E+04
-1.10E-16
3.13E+01
-1.51E+03
3.13E+01
1.51E+03
2.00E+00
1.51E+03
7.28E+04
-1.51E+03
7.28E+04
-1.43E-17
4.92E+01
-2.19E+03
4.92E+01
2.19E+03
4.18E+00
2.19E+03
9.74E+04
-2.19E+03
9.74E+04
-3.74E-17
6.93E+01
-2.81E+03
6.93E+01
2.81E+03
6.65E+00
2.81E+03
1.14E+05
-2.81E+03
1.14E+05
5.73E-17
9.02E+01
-3.31E+03
9.02E+01
3.31E+03
9.04E+00
3.31E+03
1.21E+05
-3.31E+03
1.21E+05
7.90E-17
1.11E+02
-3.64E+03
1.11E+02
3.64E+03
1.11E+01
3.64E+03
1.19E+05
-3.64E+03
1.19E+05
1.50E-16
1.31E+02
-3.82E+03
1.31E+02
3.82E+03
1.26E+01
3.82E+03
1.12E+05
-3.82E+03
1.12E+05
2.35E-16
1.50E+02
-3.89E+03
1.50E+02
3.89E+03
1.36E+01
3.89E+03
1.01E+05
-3.89E+03
1.01E+05
4.98E-17
1.68E+02
-3.88E+03
1.68E+02
3.88E+03
1.42E+01
3.88E+03
8.96E+04
-3.88E+03
8.96E+04
3.34E-17
1.85E+02
-3.81E+03
1.85E+02
3.81E+03
1.44E+01
3.81E+03
7.85E+04
-3.81E+03
7.85E+04
2.83E-17
2.01E+02
-3.71E+03
2.01E+02
3.71E+03
1.43E+01
3.71E+03
6.85E+04
-3.71E+03
6.85E+04
-1.79E-18
2.17E+02
-3.59E+03
2.17E+02
3.59E+03
1.39E+01
3.59E+03
5.96E+04
-3.59E+03
5.96E+04
3.66E-19
2.31E+02
-3.46E+03
2.31E+02
3.46E+03
1.33E+01
3.46E+03
5.18E+04
-3.46E+03
5.18E+04
1.06E-17
2.44E+02
-3.32E+03
2.44E+02
3.32E+03
1.25E+01
3.32E+03
4.50E+04
-3.32E+03
4.50E+04
9.34E-18
2.56E+02
-3.17E+03
2.56E+02
3.17E+03
1.15E+01
3.16E+03
3.91E+04
-3.17E+03
3.91E+04
3.28E-18
2.66E+02
-3.00E+03
2.66E+02
3.00E+03
1.05E+01
3.00E+03
3.39E+04
-3.00E+03
3.39E+04
1.09E-18
2.75E+02
-2.84E+03
2.75E+02
2.84E+03
9.46E+00
2.84E+03
2.93E+04
-2.84E+03
2.93E+04
4.43E-18
2.81E+02
-2.66E+03
2.81E+02
2.66E+03
8.41E+00
2.66E+03
2.52E+04
-2.66E+03
2.52E+04
3.38E-18
2.85E+02
-2.48E+03
2.85E+02
2.48E+03
7.38E+00
2.48E+03
2.16E+04
-2.48E+03
2.16E+04
8.37E-18
2.86E+02
-2.29E+03
2.86E+02
2.29E+03
6.41E+00
2.29E+03
1.84E+04
-2.29E+03
1.84E+04
7.16E-18
2.84E+02
-2.10E+03
2.84E+02
2.10E+03
5.51E+00
2.10E+03
1.55E+04
-2.10E+03
1.55E+04
4.95E-18
2.80E+02
-1.91E+03
2.80E+02
1.91E+03
4.69E+00
1.91E+03
1.30E+04
-1.91E+03
1.30E+04
5.69E-18
2.73E+02
-1.72E+03
2.73E+02
1.72E+03
3.96E+00
1.72E+03
1.09E+04
-1.72E+03
1.09E+04
8.72E-18
2.63E+02
-1.54E+03
2.63E+02
1.54E+03
3.31E+00
1.54E+03
8.99E+03
-1.54E+03
8.99E+03
8.50E-18
2.52E+02
-1.36E+03
2.52E+02
1.36E+03
2.74E+00
1.36E+03
7.39E+03
-1.36E+03
7.39E+03
7.77E-18
2.39E+02
-1.20E+03
2.39E+02
1.20E+03
2.25E+00
1.20E+03
6.04E+03
-1.20E+03
6.04E+03
1.06E-17
2.25E+02
-1.05E+03
2.25E+02
1.05E+03
1.84E+00
1.05E+03
4.91E+03
-1.05E+03
4.91E+03
8.72E-18
2.10E+02
-9.14E+02
2.10E+02
9.14E+02
1.49E+00
9.14E+02
3.98E+03
-9.14E+02
3.98E+03
6.00E-18
1.95E+02
-7.92E+02
1.95E+02
7.92E+02
1.20E+00
7.92E+02
3.21E+03
-7.92E+02
3.21E+03
1.04E-17
1.81E+02
-6.84E+02
1.81E+02
6.84E+02
9.62E-01
6.84E+02
2.59E+03
-6.84E+02
2.59E+03
1.71E-17
1.67E+02
-5.90E+02
1.67E+02
5.90E+02
7.66E-01
5.89E+02
2.09E+03
-5.89E+02
2.09E+03
1.85E-17
1.53E+02
-5.08E+02
1.53E+02
5.08E+02
6.06E-01
5.08E+02
1.68E+03
-5.08E+02
1.68E+03
2.84E-17
1.41E+02
-4.37E+02
1.41E+02
4.37E+02
4.78E-01
4.37E+02
1.36E+03
-4.37E+02
1.36E+03
4.01E-17
1.29E+02
-3.77E+02
1.29E+02
3.77E+02
3.75E-01
3.76E+02
1.10E+03
-3.76E+02
1.10E+03
5.78E-17
1.18E+02
-3.25E+02
1.18E+02
3.25E+02
2.93E-01
3.25E+02
8.94E+02
-3.25E+02
8.94E+02
8.84E-17
1.08E+02
-2.81E+02
1.08E+02
2.81E+02
2.28E-01
2.80E+02
7.28E+02
-2.80E+02
7.28E+02
1.31E-16
9.89E+01
-2.43E+02
9.89E+01
2.43E+02
1.77E-01
2.43E+02
5.96E+02
-2.43E+02
5.96E+02
1.90E-16
9.07E+01
-2.11E+02
9.07E+01
2.11E+02
1.36E-01
2.11E+02
4.90E+02
-2.11E+02
4.90E+02
2.75E-16
8.32E+01
-1.84E+02
8.32E+01
1.84E+02
1.05E-01
1.83E+02
4.05E+02
-1.83E+02
4.05E+02
3.88E-16
7.64E+01
-1.60E+02
7.64E+01
1.60E+02
8.09E-02
1.60E+02
3.36E+02
-1.60E+02
3.36E+02
5.43E-16
7.02E+01
-1.40E+02
7.02E+01
1.40E+02
6.21E-02
1.40E+02
2.80E+02
-1.40E+02
2.80E+02
7.42E-16
6.46E+01
-1.23E+02
6.46E+01
1.23E+02
4.76E-02
1.23E+02
2.35E+02
-1.23E+02
2.35E+02
1.00E-15
5.96E+01
-1.09E+02
5.96E+01
1.09E+02
3.64E-02
1.08E+02
1.97E+02
-1.08E+02
1.97E+02
1.35E-15
5.50E+01
-9.59E+01
5.50E+01
9.59E+01
2.78E-02
9.58E+01
1.67E+02
-9.58E+01
1.67E+02
1.79E-15
5.08E+01
-8.50E+01
5.08E+01
8.50E+01
2.13E-02
8.49E+01
1.42E+02
-8.49E+01
1.42E+02
2.35E-15
4.71E+01
-7.55E+01
4.71E+01
7.55E+01
1.63E-02
7.54E+01
1.21E+02
-7.54E+01
1.21E+02
3.05E-15
4.36E+01
-6.73E+01
4.36E+01
6.73E+01
1.25E-02
6.72E+01
1.04E+02
-6.72E+01
1.04E+02
3.93E-15
4.05E+01
-6.02E+01
4.05E+01
6.02E+01
9.56E-03
6.01E+01
8.94E+01
-6.01E+01
8.94E+01
5.03E-15
3.77E+01
-5.40E+01
3.77E+01
5.40E+01
7.35E-03
5.39E+01
7.73E+01
-5.39E+01
7.73E+01
6.36E-15
3.51E+01
-4.85E+01
3.51E+01
4.85E+01
5.66E-03
4.85E+01
6.71E+01
-4.85E+01
6.71E+01
7.99E-15
3.27E+01
-4.37E+01
3.27E+01
4.37E+01
4.39E-03
4.37E+01
5.85E+01
-4.37E+01
5.85E+01
9.93E-15
3.05E+01
-3.95E+01
3.05E+01
3.95E+01
3.41E-03
3.95E+01
5.12E+01
-3.95E+01
5.12E+01
1.22E-14
2.85E+01
-3.58E+01
2.85E+01
3.58E+01
2.67E-03
3.58E+01
4.49E+01
-3.58E+01
4.49E+01
1.49E-14
2.67E+01
-3.25E+01
2.67E+01
3.25E+01
2.11E-03
3.25E+01
3.96E+01
-3.25E+01
3.96E+01
1.78E-14
2.50E+01
-2.96E+01
2.50E+01
2.96E+01
1.68E-03
2.96E+01
3.50E+01
-2.96E+01
3.50E+01
2.10E-14
2.35E+01
-2.70E+01
2.35E+01
2.70E+01
1.35E-03
2.70E+01
3.11E+01
-2.70E+01
3.11E+01
2.44E-14
2.20E+01
-2.47E+01
2.20E+01
2.47E+01
1.10E-03
2.47E+01
2.77E+01
-2.47E+01
2.77E+01
2.78E-14
2.07E+01
-2.26E+01
2.07E+01
2.26E+01
9.02E-04
2.27E+01
2.47E+01
-2.27E+01
2.47E+01
3.10E-14
1.95E+01
-2.08E+01
1.95E+01
2.08E+01
7.52E-04
2.08E+01
2.22E+01
-2.08E+01
2.22E+01
3.38E-14
1.84E+01
-1.91E+01
1.84E+01
1.91E+01
6.36E-04
1.92E+01
1.99E+01
-1.92E+01
1.99E+01
3.61E-14
1.74E+01
-1.76E+01
1.74E+01
1.76E+01
5.47E-04
1.77E+01
1.80E+01
-1.77E+01
1.80E+01
3.78E-14
1.64E+01
-1.63E+01
1.64E+01
1.63E+01
4.77E-04
1.64E+01
1.63E+01
-1.64E+01
1.63E+01
3.87E-14
1.55E+01
-1.51E+01
1.55E+01
1.51E+01
4.23E-04
1.52E+01
1.48E+01
-1.52E+01
1.48E+01
3.89E-14
1.47E+01
-1.40E+01
1.47E+01
1.40E+01
3.80E-04
1.41E+01
1.34E+01
-1.41E+01
1.34E+01
3.86E-14
1.39E+01
-1.30E+01
1.39E+01
1.30E+01
3.48E-04
1.31E+01
1.23E+01
-1.31E+01
1.23E+01
3.79E-14
1.32E+01
-1.21E+01
1.32E+01
1.21E+01
3.22E-04
1.22E+01
1.12E+01
-1.22E+01
1.12E+01
3.68E-14
1.25E+01
-1.13E+01
1.25E+01
1.13E+01
3.03E-04
1.14E+01
1.03E+01
-1.14E+01
1.03E+01
3.56E-14
1.19E+01
-1.06E+01
1.19E+01
1.06E+01
2.88E-04
1.07E+01
9.50E+00
-1.07E+01
9.50E+00
3.42E-14
1.13E+01
-9.92E+00
1.13E+01
9.92E+00
2.77E-04
1.00E+01
8.78E+00
-1.00E+01
8.78E+00
3.29E-14
1.08E+01
-9.30E+00
1.08E+01
9.30E+00
2.70E-04
9.40E+00
8.12E+00
-9.40E+00
8.12E+00
3.17E-14
1.02E+01
-8.74E+00
1.02E+01
8.74E+00
2.65E-04
8.84E+00
7.54E+00
-8.84E+00
7.54E+00
3.07E-14
9.77E+00
-8.23E+00
9.77E+00
8.23E+00
2.62E-04
8.33E+00
7.02E+00
-8.33E+00
7.02E+00
3.00E-14
9.33E+00
-7.76E+00
9.33E+00
7.76E+00
2.61E-04
7.87E+00
6.55E+00
-7.87E+00
6.55E+00
2.96E-14
8.91E+00
-7.33E+00
8.91E+00
7.33E+00
2.62E-04
7.44E+00
6.13E+00
-7.44E+00
6.13E+00
2.96E-14
8.51E+00
-6.94E+00
8.51E+00
6.94E+00
2.64E-04
7.05E+00
5.75E+00
-7.05E+00
5.75E+00
3.02E-14
8.14E+00
-6.57E+00
8.14E+00
6.57E+00
2.67E-04
6.69E+00
5.40E+00
-6.69E+00
5.40E+00
3.15E-14
7.80E+00
-6.24E+00
7.80E+00
6.24E+00
2.71E-04
6.36E+00
5.09E+00
-6.36E+00
5.09E+00
3.36E-14
7.47E+00
-5.94E+00
7.47E+00
5.94E+00
2.76E-04
6.06E+00
4.81E+00
-6.06E+00
4.81E+00
3.67E-14
7.16E+00
-5.65E+00
7.16E+00
5.65E+00
2.82E-04
5.77E+00
4.55E+00
-5.77E+00
4.55E+00
4.10E-14
6.87E+00
-5.39E+00
6.87E+00
5.39E+00
2.88E-04
5.51E+00
4.32E+00
-5.51E+00
4.32E+00
4.67E-14
6.60E+00
-5.15E+00
6.60E+00
5.15E+00
2.95E-04
5.27E+00
4.11E+00
-5.27E+00
4.11E+00
5.40E-14
6.34E+00
-4.92E+00
6.34E+00
4.92E+00
3.03E-04
5.05E+00
3.91E+00
-5.05E+00
3.91E+00
6.31E-14
6.10E+00
-4.72E+00
6.10E+00
4.72E+00
3.11E-04
4.84E+00
3.75E+00
-4.84E+00
3.75E+00
7.40E-14
5.87E+00
-4.53E+00
5.87E+00
4.53E+00
3.19E-04
4.65E+00
3.59E+00
-4.65E+00
3.59E+00
8.66E-14
5.65E+00
-4.35E+00
5.65E+00
4.35E+00
3.29E-04
4.48E+00
3.45E+00
-4.48E+00
3.45E+00
1.01E-13
5.44E+00
-4.19E+00
5.44E+00
4.19E+00
3.38E-04
4.32E+00
3.32E+00
-4.32E+00
3.32E+00
1.16E-13
5.25E+00
-4.04E+00
5.25E+00
4.04E+00
3.48E-04
4.17E+00
3.21E+00
-4.17E+00
3.21E+00
1.32E-13
5.06E+00
-3.89E+00
5.06E+00
3.89E+00
3.58E-04
4.03E+00
3.09E+00
-4.03E+00
3.09E+00
1.47E-13
4.89E+00
-3.75E+00
4.89E+00
3.75E+00
3.68E-04
3.89E+00
2.99E+00
-3.89E+00
2.99E+00
1.62E-13
4.72E+00
-3.62E+00
4.72E+00
3.62E+00
3.79E-04
3.77E+00
2.90E+00
-3.77E+00
2.90E+00
1.74E-13
4.56E+00
-3.50E+00
4.56E+00
3.50E+00
3.90E-04
3.66E+00
2.81E+00
-3.66E+00
2.81E+00
1.83E-13
4.41E+00
-3.39E+00
4.41E+00
3.39E+00
4.02E-04
3.55E+00
2.73E+00
-3.55E+00
2.73E+00
1.90E-13
4.27E+00
-3.28E+00
4.27E+00
3.28E+00
4.14E-04
3.45E+00
2.65E+00
-3.45E+00
2.65E+00
1.94E-13
4.13E+00
-3.18E+00
4.13E+00
3.18E+00
4.25E-04
3.35E+00
2.58E+00
-3.35E+00
2.58E+00
1.96E-13
4.00E+00
-3.10E+00
4.00E+00
3.10E+00
4.38E-04
3.26E+00
2.52E+00
-3.26E+00
2.52E+00
1.95E-13
