7.79E+03
-4.75E+05
7.79E+03
4.75E+05
2.45E+02
4.75E+05
3.71E+07
-4.75E+05
3.71E+07
2.54E-09
7.79E+03
-4.75E+05
7.79E+03
4.75E+05
2.45E+02
4.75E+05
3.71E+07
-4.75E+05
3.71E+07
2.54E-09
7.80E+03
-4.75E+05
7.80E+03
4.75E+05
2.45E+02
4.75E+05
3.71E+07
-4.75E+05
3.71E+07
2.54E-09
7.80E+03
-4.75E+05
7.80E+03
4.75E+05
2.45E+02
4.75E+05
3.71E+07
-4.75E+05
3.71E+07
2.54E-09
7.81E+03
-4.75E+05
7.81E+03
4.75E+05
2.46E+02
4.75E+05
3.71E+07
-4.75E+05
3.71E+07
2.54E-09
7.83E+03
-4.76E+05
7.83E+03
4.76E+05
2.48E+02
4.76E+05
3.71E+07
-4.76E+05
3.71E+07
2.54E-09
7.84E+03
-4.76E+05
7.84E+03
4.76E+05
2.49E+02
4.76E+05
3.71E+07
-4.76E+05
3.71E+07
2.54E-09
7.85E+03
-4.76E+05
7.85E+03
4.76E+05
2.50E+02
4.76E+05
3.71E+07
-4.76E+05
3.71E+07
2.54E-09
7.85E+03
-4.75E+05
7.85E+03
4.75E+05
2.50E+02
4.75E+05
3.71E+07
-4.75E+05
3.71E+07
2.54E-09
7.85E+03
-4.75E+05
7.85E+03
4.75E+05
2.49E+02
4.75E+05
3.71E+07
-4.75E+05
3.71E+07
2.54E-09
7.85E+03
-4.74E+05
7.85E+03
4.74E+05
2.48E+02
4.74E+05
3.70E+07
-4.74E+05
3.70E+07
2.54E-09
7.84E+03
-4.74E+05
7.84E+03
4.74E+05
2.46E+02
4.74E+05
3.70E+07
-4.74E+05
3.70E+07
2.54E-09
7.84E+03
-4.73E+05
7.84E+03
4.73E+05
2.44E+02
4.73E+05
3.70E+07
-4.73E+05
3.70E+07
2.54E-09
7.83E+03
-4.73E+05
7.83E+03
4.73E+05
2.42E+02
4.73E+05
3.70E+07
-4.73E+05
3.70E+07
2.54E-09
7.82E+03
-4.72E+05
7.82E+03
4.72E+05
2.40E+02
4.72E+05
3.70E+07
-4.72E+05
3.70E+07
2.54E-09
7.80E+03
-4.72E+05
7.80E+03
4.72E+05
2.38E+02
4.72E+05
3.70E+07
-4.72E+05
3.70E+07
2.54E-09
7.79E+03
-4.72E+05
7.79E+03
4.72E+05
2.36E+02
4.72E+05
3.70E+07
-4.72E+05
3.70E+07
2.54E-09
7.78E+03
-4.72E+05
7.78E+03
4.72E+05
2.35E+02
4.72E+05
3.70E+07
-4.72E+05
3.70E+07
2.54E-09
7.76E+03
-4.71E+05
7.76E+03
4.71E+05
2.33E+02
4.71E+05
3.70E+07
-4.71E+05
3.70E+07
2.54E-09
7.74E+03
-4.71E+05
7.74E+03
4.71E+05
2.32E+02
4.71E+05
3.70E+07
-4.71E+05
3.70E+07
2.54E-09
7.72E+03
-4.71E+05
7.72E+03
4.71E+05
2.31E+02
4.71E+05
3.70E+07
-4.71E+05
3.70E+07
2.54E-09
7.70E+03
-4.71E+05
7.70E+03
4.71E+05
2.31E+02
4.71E+05
3.70E+07
-4.71E+05
3.70E+07
2.54E-09
7.68E+03
-4.71E+05
7.68E+03
4.70E+05
2.30E+02
4.71E+05
3.70E+07
-4.71E+05
3.70E+07
2.54E-09
7.66E+03
-4.70E+05
7.66E+03
4.70E+05
2.30E+02
4.70E+05
3.70E+07
-4.70E+05
3.70E+07
2.54E-09
7.63E+03
-4.70E+05
7.63E+03
4.70E+05
2.30E+02
4.70E+05
3.70E+07
-4.70E+05
3.70E+07
2.54E-09
7.61E+03
-4.70E+05
7.61E+03
4.70E+05
2.30E+02
4.70E+05
3.70E+07
-4.70E+05
3.70E+07
2.54E-09
7.59E+03
-4.70E+05
7.59E+03
4.70E+05
2.30E+02
4.70E+05
3.70E+07
-4.70E+05
3.70E+07
2.54E-09
7.57E+03
-4.70E+05
7.57E+03
4.70E+05
2.30E+02
4.70E+05
3.70E+07
-4.70E+05
3.70E+07
2.54E-09
7.55E+03
-4.70E+05
7.55E+03
4.70E+05
2.30E+02
4.70E+05
3.70E+07
-4.70E+05
3.70E+07
2.54E-09
7.53E+03
-4.70E+05
7.53E+03
4.70E+05
2.30E+02
4.70E+05
3.70E+07
-4.70E+05
3.70E+07
2.54E-09
7.52E+03
-4.70E+05
7.52E+03
4.70E+05
2.31E+02
4.70E+05
3.70E+07
-4.70E+05
3.70E+07
2.54E-09
7.50E+03
-4.70E+05
7.50E+03
4.70E+05
2.31E+02
4.70E+05
3.70E+07
-4.70E+05
3.70E+07
2.54E-09
7.49E+03
-4.70E+05
7.49E+03
4.70E+05
2.31E+02
4.70E+05
3.70E+07
-4.70E+05
3.70E+07
2.54E-09
7.48E+03
-4.70E+05
7.48E+03
4.70E+05
2.31E+02
4.70E+05
3.70E+07
-4.70E+05
3.70E+07
2.54E-09
7.48E+03
-4.70E+05
7.48E+03
4.70E+05
2.32E+02
4.70E+05
3.70E+07
-4.70E+05
3.70E+07
2.54E-09
7.47E+03
-4.70E+05
7.47E+03
4.70E+05
2.32E+02
4.70E+05
3.70E+07
-4.70E+05
3.70E+07
2.54E-09
7.47E+03
-4.70E+05
7.47E+03
4.70E+05
2.32E+02
4.70E+05
3.70E+07
-4.70E+05
3.70E+07
2.54E-09
7.47E+03
-4.70E+05
7.47E+03
4.70E+05
2.32E+02
4.70E+05
3.70E+07
-4.70E+05
3.70E+07
2.54E-09
7.47E+03
-4.70E+05
7.47E+03
4.70E+05
2.33E+02
4.70E+05
3.70E+07
-4.70E+05
3.70E+07
2.54E-09
7.47E+03
-4.70E+05
7.47E+03
4.70E+05
2.33E+02
4.70E+05
3.70E+07
-4.70E+05
3.70E+07
2.54E-09
7.47E+03
-4.70E+05
7.47E+03
4.70E+05
2.33E+02
4.70E+05
3.70E+07
-4.70E+05
3.70E+07
2.54E-09
7.47E+03
-4.71E+05
7.47E+03
4.71E+05
2.33E+02
4.71E+05
3.70E+07
-4.71E+05
3.70E+07
2.54E-09
7.47E+03
-4.71E+05
7.47E+03
4.71E+05
2.33E+02
4.71E+05
3.70E+07
-4.71E+05
3.70E+07
2.54E-09
7.48E+03
-4.71E+05
7.48E+03
4.71E+05
2.33E+02
4.71E+05
3.70E+07
-4.71E+05
3.70E+07
2.54E-09
7.48E+03
-4.71E+05
7.48E+03
4.71E+05
2.34E+02
4.71E+05
3.70E+07
-4.71E+05
3.70E+07
2.54E-09
7.48E+03
-4.71E+05
7.48E+03
4.71E+05
2.34E+02
4.71E+05
3.70E+07
-4.71E+05
3.70E+07
2.54E-09
7.48E+03
-4.71E+05
7.48E+03
4.71E+05
2.34E+02
4.71E+05
3.70E+07
-4.71E+05
3.70E+07
2.54E-09
7.49E+03
-4.71E+05
7.49E+03
4.71E+05
2.34E+02
4.71E+05
3.70E+07
-4.71E+05
3.70E+07
2.54E-09
7.49E+03
-4.71E+05
7.49E+03
4.71E+05
2.34E+02
4.71E+05
3.70E+07
-4.71E+05
3.70E+07
2.54E-09
7.49E+03
-4.71E+05
7.49E+03
4.71E+05
2.34E+02
4.71E+05
3.70E+07
-4.71E+05
3.70E+07
2.54E-09
7.49E+03
-4.71E+05
7.49E+03
4.71E+05
2.34E+02
4.71E+05
3.70E+07
-4.71E+05
3.70E+07
2.54E-09
7.50E+03
-4.71E+05
7.50E+03
4.71E+05
2.34E+02
4.71E+05
3.70E+07
-4.71E+05
3.70E+07
2.54E-09
7.50E+03
-4.71E+05
7.50E+03
4.71E+05
2.34E+02
4.71E+05
3.70E+07
-4.71E+05
3.70E+07
2.54E-09
7.50E+03
-4.71E+05
7.50E+03
4.71E+05
2.34E+02
4.71E+05
3.70E+07
-4.71E+05
3.70E+07
2.54E-09
7.50E+03
-4.71E+05
7.50E+03
4.71E+05
2.34E+02
4.71E+05
3.70E+07
-4.71E+05
3.70E+07
2.54E-09
7.51E+03
-4.71E+05
7.51E+03
4.71E+05
2.34E+02
4.71E+05
3.70E+07
-4.71E+05
3.70E+07
2.54E-09
7.51E+03
-4.71E+05
7.51E+03
4.71E+05
2.34E+02
4.71E+05
3.70E+07
-4.71E+05
3.70E+07
2.54E-09
7.51E+03
-4.71E+05
7.51E+03
4.71E+05
2.34E+02
4.71E+05
3.70E+07
-4.71E+05
3.70E+07
2.54E-09
7.51E+03
-4.71E+05
7.51E+03
4.71E+05
2.34E+02
4.71E+05
3.70E+07
-4.71E+05
3.70E+07
2.54E-09
7.51E+03
-4.71E+05
7.51E+03
4.71E+05
2.35E+02
4.71E+05
3.70E+07
-4.71E+05
3.70E+07
2.54E-09
7.52E+03
-4.71E+05
7.52E+03
4.71E+05
2.35E+02
4.71E+05
3.70E+07
-4.71E+05
3.70E+07
2.54E-09
7.52E+03
-4.71E+05
7.52E+03
4.71E+05
2.35E+02
4.71E+05
3.70E+07
-4.71E+05
3.70E+07
2.54E-09
7.52E+03
-4.71E+05
7.52E+03
4.71E+05
2.35E+02
4.71E+05
3.70E+07
-4.71E+05
3.70E+07
2.54E-09
7.52E+03
-4.71E+05
7.52E+03
4.71E+05
2.35E+02
4.71E+05
3.70E+07
-4.71E+05
3.70E+07
2.54E-09
7.52E+03
-4.71E+05
7.52E+03
4.71E+05
2.35E+02
4.71E+05
3.70E+07
-4.71E+05
3.70E+07
2.54E-09
7.52E+03
-4.71E+05
7.52E+03
4.71E+05
2.35E+02
4.71E+05
3.70E+07
-4.71E+05
3.70E+07
2.54E-09
7.52E+03
-4.71E+05
7.52E+03
4.71E+05
2.35E+02
4.71E+05
3.70E+07
-4.71E+05
3.70E+07
2.54E-09
7.53E+03
-4.71E+05
7.53E+03
4.71E+05
2.35E+02
4.71E+05
3.70E+07
-4.71E+05
3.70E+07
2.54E-09
7.53E+03
-4.71E+05
7.53E+03
4.71E+05
2.35E+02
4.71E+05
3.70E+07
-4.71E+05
3.70E+07
2.54E-09
7.53E+03
-4.71E+05
7.53E+03
4.71E+05
2.35E+02
4.71E+05
3.70E+07
-4.71E+05
3.70E+07
2.54E-09
7.53E+03
-4.71E+05
7.53E+03
4.71E+05
2.35E+02
4.71E+05
3.70E+07
-4.71E+05
3.70E+07
2.54E-09
7.53E+03
-4.71E+05
7.53E+03
4.71E+05
2.35E+02
4.71E+05
3.70E+07
-4.71E+05
3.70E+07
2.54E-09
7.53E+03
-4.71E+05
7.53E+03
4.71E+05
2.35E+02
4.71E+05
3.70E+07
-4.71E+05
3.70E+07
2.54E-09
7.53E+03
-4.71E+05
7.53E+03
4.71E+05
2.35E+02
4.71E+05
3.70E+07
-4.71E+05
3.70E+07
2.54E-09
7.53E+03
-4.71E+05
7.53E+03
4.71E+05
2.35E+02
4.71E+05
3.70E+07
-4.71E+05
3.70E+07
2.54E-09
7.54E+03
-4.71E+05
7.54E+03
4.71E+05
2.35E+02
4.71E+05
3.70E+07
-4.71E+05
3.70E+07
2.54E-09
7.54E+03
-4.71E+05
7.54E+03
4.71E+05
2.35E+02
4.71E+05
3.70E+07
-4.71E+05
3.70E+07
2.54E-09
7.54E+03
-4.71E+05
7.54E+03
4.71E+05
2.35E+02
4.71E+05
3.70E+07
-4.71E+05
3.70E+07
2.54E-09
7.54E+03
-4.71E+05
7.54E+03
4.71E+05
2.35E+02
4.71E+05
3.70E+07
-4.71E+05
3.70E+07
2.54E-09
7.54E+03
-4.71E+05
7.54E+03
4.71E+05
2.35E+02
4.71E+05
3.70E+07
-4.71E+05
3.70E+07
2.54E-09
7.54E+03
-4.71E+05
7.54E+03
4.71E+05
2.35E+02
4.71E+05
3.70E+07
-4.71E+05
3.70E+07
2.54E-09
7.54E+03
-4.71E+05
7.54E+03
4.71E+05
2.35E+02
4.71E+05
3.70E+07
-4.71E+05
3.70E+07
2.54E-09
7.54E+03
-4.71E+05
7.54E+03
4.71E+05
2.35E+02
4.71E+05
3.70E+07
-4.71E+05
3.70E+07
2.54E-09
7.54E+03
-4.71E+05
7.54E+03
4.71E+05
2.35E+02
4.71E+05
3.70E+07
-4.71E+05
3.70E+07
2.54E-09
7.54E+03
-4.71E+05
7.54E+03
4.71E+05
2.35E+02
4.71E+05
3.70E+07
-4.71E+05
3.70E+07
2.54E-09
7.54E+03
-4.71E+05
7.54E+03
4.71E+05
2.35E+02
4.71E+05
3.70E+07
-4.71E+05
3.70E+07
2.54E-09
7.54E+03
-4.71E+05
7.54E+03
4.71E+05
2.35E+02
4.71E+05
3.70E+07
-4.71E+05
3.70E+07
2.54E-09
7.54E+03
-4.71E+05
7.54E+03
4.71E+05
2.35E+02
4.71E+05
3.70E+07
-4.71E+05
3.70E+07
2.54E-09
7.55E+03
-4.71E+05
7.55E+03
4.71E+05
2.35E+02
4.71E+05
3.70E+07
-4.71E+05
3.70E+07
2.54E-09
7.55E+03
-4.71E+05
7.55E+03
4.71E+05
2.35E+02
4.71E+05
3.70E+07
-4.71E+05
3.70E+07
2.54E-09
7.55E+03
-4.71E+05
7.55E+03
4.71E+05
2.35E+02
4.71E+05
3.70E+07
-4.71E+05
3.70E+07
2.54E-09
7.55E+03
-4.71E+05
7.55E+03
4.71E+05
2.35E+02
4.71E+05
3.70E+07
-4.71E+05
3.70E+07
2.54E-09
7.55E+03
-4.71E+05
7.55E+03
4.71E+05
2.35E+02
4.71E+05
3.70E+07
-4.71E+05
3.70E+07
2.54E-09
7.55E+03
-4.71E+05
7.55E+03
4.71E+05
2.35E+02
4.71E+05
3.70E+07
-4.71E+05
3.70E+07
2.54E-09
7.55E+03
-4.71E+05
7.55E+03
4.71E+05
2.35E+02
4.71E+05
3.70E+07
-4.71E+05
3.70E+07
2.54E-09
7.55E+03
-4.71E+05
7.55E+03
4.71E+05
2.35E+02
4.71E+05
3.70E+07
-4.71E+05
3.70E+07
2.54E-09
7.55E+03
-4.71E+05
7.55E+03
4.71E+05
2.35E+02
4.71E+05
3.70E+07
-4.71E+05
3.70E+07
2.54E-09
7.55E+03
-4.71E+05
7.55E+03
4.71E+05
2.35E+02
4.71E+05
3.70E+07
-4.71E+05
3.70E+07
2.54E-09
7.55E+03
-4.71E+05
7.55E+03
4.71E+05
2.35E+02
4.71E+05
3.70E+07
-4.71E+05
3.70E+07
2.54E-09
7.55E+03
-4.71E+05
7.55E+03
4.71E+05
2.35E+02
4.71E+05
3.70E+07
-4.71E+05
3.70E+07
2.54E-09
