 -0.100000E+01     1     1  7.787967E+03
 -0.100000E+01     1     5 -4.745684E+05
 -0.100000E+01     2     2  7.787947E+03
 -0.100000E+01     2     4  4.745673E+05
 -0.100000E+01     3     3  2.442134E+02
 -0.100000E+01     4     2  4.745695E+05
 -0.100000E+01     4     4  3.709229E+07
 -0.100000E+01     5     1 -4.745708E+05
 -0.100000E+01     5     5  3.709237E+07
 -0.100000E+01     6     6  2.535175E-09
  0.000000E+00     1     1  7.569865E+03
  0.000000E+00     1     5 -4.713567E+05
  0.000000E+00     2     2  7.569843E+03
  0.000000E+00     2     4  4.713556E+05
  0.000000E+00     3     3  2.353706E+02
  0.000000E+00     4     2  4.713574E+05
  0.000000E+00     4     4  3.701082E+07
  0.000000E+00     5     1 -4.713588E+05
  0.000000E+00     5     5  3.701091E+07
  0.000000E+00     6     6  2.534903E-09